SolverId	1.2
nK	15
nG	59
nS	2
nO	2
nZ	1
Null skill ratios	  1.0000000	  0.0000000
0	ALT:PARALLELOGRAM-AREA
PI	0.4597965448	0.5402034552
A	1.0000000000	0.0000000000	0.0217596471	0.9782403529
B	0.7725250029	0.2274749971	0.0697703530	0.9302296470
1	ALT:PARALLELOGRAM-SIDE
PI	0.3973244206	0.6026755794
A	1.0000000000	0.0000000000	0.1665812899	0.8334187101
B	0.7094049014	0.2905950986	0.0296771193	0.9703228807
2	ALT:COMPOSE-BY-ADDITION
PI	0.4827851693	0.5172148307
A	1.0000000000	0.0000000000	0.3084386026	0.6915613974
B	0.7073710098	0.2926289902	0.1599016770	0.8400983230
3	ALT:TRAPEZOID-HEIGHT
PI	0.5017311143	0.4982688857
A	1.0000000000	0.0000000000	0.3789564826	0.6210435174
B	0.7262528313	0.2737471687	0.1906398663	0.8093601337
4	ALT:TRAPEZOID-BASE
PI	0.5016247479	0.4983752521
A	1.0000000000	0.0000000000	0.3169155322	0.6830844678
B	0.7185116536	0.2814883464	0.1672826957	0.8327173043
5	ALT:TRAPEZOID-AREA
PI	0.5006100024	0.4993899976
A	1.0000000000	0.0000000000	0.3773329013	0.6226670987
B	0.7225884238	0.2774115762	0.1870034162	0.8129965838
6	ALT:TRIANGLE-AREA
PI	0.3999703406	0.6000296594
A	1.0000000000	0.0000000000	0.0328834152	0.9671165848
B	0.7018629342	0.2981370658	0.1730253159	0.8269746841
7	ALT:TRIANGLE-SIDE
PI	0.4816565698	0.5183434302
A	1.0000000000	0.0000000000	0.3712745363	0.6287254637
B	0.7301784683	0.2698215317	0.1983673119	0.8016326881
8	ALT:COMPOSE-BY-MULTIPLICATION
PI	0.4997169306	0.5002830694
A	1.0000000000	0.0000000000	0.3970541171	0.6029458829
B	0.7989043552	0.2010956448	0.1990221462	0.8009778538
9	ALT:PENTAGON-AREA
PI	0.4955178542	0.5044821458
A	1.0000000000	0.0000000000	0.3672508365	0.6327491635
B	0.7142840346	0.2857159654	0.1960976584	0.8039023416
10	ALT:PENTAGON-SIDE
PI	0.4932016637	0.5067983363
A	1.0000000000	0.0000000000	0.3473777821	0.6526222179
B	0.7121992233	0.2878007767	0.1816764113	0.8183235887
11	ALT:CIRCLE-RADIUS
PI	0.4909332948	0.5090667052
A	1.0000000000	0.0000000000	0.3726199510	0.6273800490
B	0.7206343637	0.2793656363	0.1964524964	0.8035475036
12	ALT:CIRCLE-AREA
PI	0.4995658307	0.5004341693
A	1.0000000000	0.0000000000	0.3962101580	0.6037898420
B	0.7988299922	0.2011700078	0.1988296302	0.8011703698
13	ALT:CIRCLE-CIRCUMFERENCE
PI	0.4989967238	0.5010032762
A	1.0000000000	0.0000000000	0.3962482320	0.6037517680
B	0.7955427215	0.2044572785	0.1982788885	0.8017211115
14	ALT:CIRCLE-DIAMETER
PI	0.4766146153	0.5233853847
A	1.0000000000	0.0000000000	0.3405494018	0.6594505982
B	0.7103527433	0.2896472567	0.1804674836	0.8195325164
