SolverId	1.2
nK	8
nG	1
nS	2
nO	2
nZ	1
Null skill ratios	  1.0000000	  0.0000000
0	ALT:CIRCLE-RADIUS
PI	0.3644474217	0.6355525783
A	1.0000000000	0.0000000000	0.3883603005	0.6116396995
B	0.7633793087	0.2366206913	0.1008620688	0.8991379312
1	ALT:CIRCLE-AREA
PI	0.7823178837	0.2176821163
A	1.0000000000	0.0000000000	0.4295842542	0.5704157458
B	0.8343303254	0.1656696746	0.2159781242	0.7840218758
2	ALT:CIRCLE-CIRCUMFERENCE
PI	0.8725031694	0.1274968306
A	1.0000000000	0.0000000000	0.4320345718	0.5679654282
B	0.7633605978	0.2366394022	0.2525122391	0.7474877609
3	ALT:CIRCLE-DIAMETER
PI	0.1558515065	0.8441484935
A	1.0000000000	0.0000000000	0.5078959042	0.4921040958
B	0.7385337535	0.2614662465	0.1986351879	0.8013648121
4	ALT:TRIANGLE-AREA
PI	0.8628882930	0.1371117070
A	1.0000000000	0.0000000000	0.3950450083	0.6049549917
B	0.7294803404	0.2705196596	0.2861311596	0.7138688404
5	ALT:PARALLELOGRAM-AREA
PI	0.5578903418	0.4421096582
A	1.0000000000	0.0000000000	0.4074301010	0.5925698990
B	0.9825743644	0.0174256356	0.2077756919	0.7922243081
6	ALT:COMPOSE-BY-ADDITION
PI	0.5151718442	0.4848281558
A	1.0000000000	0.0000000000	0.3979258206	0.6020741794
B	0.7159673757	0.2840326243	0.2053469770	0.7946530230
7	ALT:TRIANGLE-SIDE
PI	0.7705369030	0.2294630970
A	1.0000000000	0.0000000000	0.4000000000	0.6000000000
B	0.9758128013	0.0241871987	0.2995965495	0.7004034505
