SolverId	1.2
nK	15
nG	1
nS	2
nO	2
nZ	1
Null skill ratios	  1.0000000	  0.0000000
0	ALT:PARALLELOGRAM-AREA
PI	0.4719953144	0.5280046856
A	1.0000000000	0.0000000000	0.0219850615	0.9780149385
B	0.7646741400	0.2353258600	0.1394148415	0.8605851585
1	ALT:PARALLELOGRAM-SIDE
PI	0.4211610304	0.5788389696
A	1.0000000000	0.0000000000	0.1900568269	0.8099431731
B	0.7526155962	0.2473844038	0.0143175553	0.9856824447
2	ALT:COMPOSE-BY-ADDITION
PI	0.4539640781	0.5460359219
A	1.0000000000	0.0000000000	0.0236189086	0.9763810914
B	0.7002546446	0.2997453554	0.1616868373	0.8383131627
3	ALT:TRAPEZOID-AREA
PI	0.4902197573	0.5097802427
A	1.0000000000	0.0000000000	0.3426650822	0.6573349178
B	0.7024603353	0.2975396647	0.1527374357	0.8472625643
4	ALT:TRAPEZOID-BASE
PI	0.4902197573	0.5097802427
A	1.0000000000	0.0000000000	0.3426650822	0.6573349178
B	0.7024603353	0.2975396647	0.1527374357	0.8472625643
5	ALT:TRAPEZOID-HEIGHT
PI	0.7660555451	0.2339444549
A	1.0000000000	0.0000000000	0.2842175688	0.7157824312
B	0.7065175732	0.2934824268	0.1816188119	0.8183811881
6	ALT:TRIANGLE-AREA
PI	0.4868975855	0.5131024145
A	1.0000000000	0.0000000000	0.3706960463	0.6293039537
B	0.7196763955	0.2803236045	0.1699294457	0.8300705543
7	ALT:TRIANGLE-SIDE
PI	0.3666908001	0.6333091999
A	1.0000000000	0.0000000000	0.3079869567	0.6920130433
B	0.7974904042	0.2025095958	0.0340606277	0.9659393723
8	ALT:PENTAGON-AREA
PI	0.5198470059	0.4801529941
A	1.0000000000	0.0000000000	0.4028244237	0.5971755763
B	0.7356198252	0.2643801748	0.2017690966	0.7982309034
9	ALT:PENTAGON-SIDE
PI	0.5043705120	0.4956294880
A	1.0000000000	0.0000000000	0.3948840287	0.6051159713
B	0.7129216097	0.2870783903	0.2044626828	0.7955373172
10	ALT:COMPOSE-BY-MULTIPLICATION
PI	0.4611348853	0.5388651147
A	1.0000000000	0.0000000000	0.0221481010	0.9778518990
B	0.7848174690	0.2151825310	0.1398670177	0.8601329823
11	ALT:CIRCLE-RADIUS
PI	0.4940436878	0.5059563122
A	1.0000000000	0.0000000000	0.4089116197	0.5910883803
B	0.7215663645	0.2784336355	0.2126780093	0.7873219907
12	ALT:CIRCLE-AREA
PI	0.4662904573	0.5337095427
A	1.0000000000	0.0000000000	0.0865751045	0.9134248955
B	0.7860030002	0.2139969998	0.0842932499	0.9157067501
13	ALT:CIRCLE-CIRCUMFERENCE
PI	0.5075044694	0.4924955306
A	1.0000000000	0.0000000000	0.3943034870	0.6056965130
B	0.7243593688	0.2756406312	0.2069470209	0.7930529791
14	ALT:CIRCLE-DIAMETER
PI	0.2969913950	0.7030086050
A	1.0000000000	0.0000000000	0.0463013514	0.9536986486
B	0.7016649537	0.2983350463	0.2784071156	0.7215928844
