SolverId	1.2
nK	15
nG	1
nS	2
nO	2
nZ	1
Null skill ratios	  1.0000000	  0.0000000
0	ALT:PARALLELOGRAM-AREA
PI	0.5133310264	0.4866689736
A	1.0000000000	0.0000000000	0.4017775260	0.5982224740
B	0.9336711162	0.0663288838	0.2006617129	0.7993382871
1	ALT:PARALLELOGRAM-SIDE
PI	0.5475829299	0.4524170701
A	1.0000000000	0.0000000000	0.4061392641	0.5938607359
B	0.9825743644	0.0174256356	0.2059356685	0.7940643315
2	ALT:COMPOSE-BY-ADDITION
PI	0.4976965999	0.5023034001
A	1.0000000000	0.0000000000	0.4063543158	0.5936456842
B	0.7422500569	0.2577499431	0.2026927884	0.7973072116
3	ALT:TRAPEZOID-AREA
PI	0.5040745147	0.4959254853
A	1.0000000000	0.0000000000	0.3870611689	0.6129388311
B	0.7275133563	0.2724866437	0.1867952787	0.8132047213
4	ALT:TRAPEZOID-BASE
PI	0.1969363001	0.8030636999
A	1.0000000000	0.0000000000	0.6688287968	0.3311712032
B	0.9813378165	0.0186621835	0.2844186977	0.7155813023
5	ALT:TRAPEZOID-HEIGHT
PI	0.3254837206	0.6745162794
A	1.0000000000	0.0000000000	0.4670805787	0.5329194213
B	0.9604686380	0.0395313620	0.1449266394	0.8550733606
6	ALT:TRIANGLE-AREA
PI	0.4772917324	0.5227082676
A	1.0000000000	0.0000000000	0.3565418153	0.6434581847
B	0.7788954691	0.2211045309	0.1492366359	0.8507633641
7	ALT:TRIANGLE-SIDE
PI	0.5205474057	0.4794525943
A	1.0000000000	0.0000000000	0.4017072515	0.5982927485
B	0.7539320438	0.2460679562	0.2051787313	0.7948212687
8	ALT:PENTAGON-AREA
PI	0.1399055323	0.8600944677
A	1.0000000000	0.0000000000	0.4304465648	0.5695534352
B	0.7782648424	0.2217351576	0.2462954542	0.7537045458
9	ALT:COMPOSE-BY-MULTIPLICATION
PI	0.4834700126	0.5165299874
A	1.0000000000	0.0000000000	0.4100014405	0.5899985595
B	0.9512820227	0.0487179773	0.2213500149	0.7786499851
10	ALT:PENTAGON-SIDE
PI	0.3644474217	0.6355525783
A	1.0000000000	0.0000000000	0.3883603005	0.6116396995
B	0.7633793087	0.2366206913	0.1008620688	0.8991379312
11	ALT:CIRCLE-RADIUS
PI	0.5070016605	0.4929983395
A	1.0000000000	0.0000000000	0.4017520856	0.5982479144
B	0.7417765925	0.2582234075	0.2001654134	0.7998345866
12	ALT:CIRCLE-CIRCUMFERENCE
PI	0.4779293016	0.5220706984
A	1.0000000000	0.0000000000	0.4342284370	0.5657715630
B	0.9810170005	0.0189829995	0.2101863748	0.7898136252
13	ALT:CIRCLE-DIAMETER
PI	0.5108049717	0.4891950283
A	1.0000000000	0.0000000000	0.4036507187	0.5963492813
B	0.8436800516	0.1563199484	0.1989671402	0.8010328598
14	ALT:CIRCLE-AREA
PI	0.4838240593	0.5161759407
A	1.0000000000	0.0000000000	0.4113630220	0.5886369780
B	0.8849452497	0.1150547503	0.2229264001	0.7770735999
