SolverId	1.2
nK	15
nG	1
nS	2
nO	2
nZ	1
Null skill ratios	  1.0000000	  0.0000000
0	ALT:PARALLELOGRAM-AREA
PI	0.5196412336	0.4803587664
A	1.0000000000	0.0000000000	0.4026223263	0.5973776737
B	0.9196920030	0.0803079970	0.2010034896	0.7989965104
1	ALT:PARALLELOGRAM-SIDE
PI	0.5737477144	0.4262522856
A	1.0000000000	0.0000000000	0.4093393946	0.5906606054
B	0.9825743644	0.0174256356	0.2108683491	0.7891316509
2	ALT:COMPOSE-BY-ADDITION
PI	0.5169353518	0.4830646482
A	1.0000000000	0.0000000000	0.4022148295	0.5977851705
B	0.9825743644	0.0174256356	0.2013285594	0.7986714406
3	ALT:TRAPEZOID-AREA
PI	0.0826756213	0.9173243787
A	1.0000000000	0.0000000000	0.5199779619	0.4800220381
B	0.9264503173	0.0735496827	0.0440570374	0.9559429626
4	ALT:TRAPEZOID-BASE
PI	0.1280167926	0.8719832074
A	1.0000000000	0.0000000000	0.6222723111	0.3777276889
B	0.7447327631	0.2552672369	0.2941795906	0.7058204094
5	ALT:TRAPEZOID-HEIGHT
PI	0.6009956392	0.3990043608
A	1.0000000000	0.0000000000	0.4121541316	0.5878458684
B	0.9825743644	0.0174256356	0.2173595205	0.7826404795
6	ALT:TRIANGLE-AREA
PI	0.5179949572	0.4820050428
A	1.0000000000	0.0000000000	0.4022478347	0.5977521653
B	0.8128522643	0.1871477357	0.2029082354	0.7970917646
7	ALT:TRIANGLE-SIDE
PI	0.8725031694	0.1274968306
A	1.0000000000	0.0000000000	0.4320345718	0.5679654282
B	0.7633605978	0.2366394022	0.2525122391	0.7474877609
8	ALT:PENTAGON-SIDE
PI	0.5737477144	0.4262522856
A	1.0000000000	0.0000000000	0.4093393946	0.5906606054
B	0.9825743644	0.0174256356	0.2108683491	0.7891316509
9	ALT:COMPOSE-BY-MULTIPLICATION
PI	0.5350245689	0.4649754311
A	1.0000000000	0.0000000000	0.4045428481	0.5954571519
B	0.9825743644	0.0174256356	0.2038517491	0.7961482509
10	ALT:PENTAGON-AREA
PI	0.7705369030	0.2294630970
A	1.0000000000	0.0000000000	0.4000000000	0.6000000000
B	0.9758128013	0.0241871987	0.2995965495	0.7004034505
11	ALT:CIRCLE-RADIUS
PI	0.6009956392	0.3990043608
A	1.0000000000	0.0000000000	0.4121541316	0.5878458684
B	0.9825743644	0.0174256356	0.2173595205	0.7826404795
12	ALT:CIRCLE-DIAMETER
PI	0.8628882930	0.1371117070
A	1.0000000000	0.0000000000	0.3950450083	0.6049549917
B	0.7294803404	0.2705196596	0.2861311596	0.7138688404
13	ALT:CIRCLE-AREA
PI	0.5309233127	0.4690766873
A	1.0000000000	0.0000000000	0.4040178679	0.5959821321
B	0.9825743644	0.0174256356	0.2032176084	0.7967823916
14	ALT:CIRCLE-CIRCUMFERENCE
PI	0.6586829862	0.3413170138
A	1.0000000000	0.0000000000	0.4148462797	0.5851537203
B	0.9862422321	0.0137577679	0.2374566758	0.7625433242
