SolverId	1.2
nK	10
nG	1
nS	2
nO	2
nZ	1
Null skill ratios	  1.0000000	  0.0000000
0	ALT:TRIANGLE-SIDE
PI	0.8368041200	0.1631958800
A	1.0000000000	0.0000000000	0.4553744350	0.5446255650
B	0.7578174196	0.2421825804	0.2178935387	0.7821064613
1	ALT:PENTAGON-AREA
PI	0.3847646332	0.6152353668
A	1.0000000000	0.0000000000	0.5490493063	0.4509506937
B	0.9850056747	0.0149943253	0.2442669765	0.7557330235
2	ALT:PENTAGON-SIDE
PI	0.4701799013	0.5298200987
A	1.0000000000	0.0000000000	0.4457852907	0.5542147093
B	0.9801770259	0.0198229741	0.2130114772	0.7869885228
3	ALT:CIRCLE-RADIUS
PI	0.8770793361	0.1229206639
A	1.0000000000	0.0000000000	0.4271095734	0.5728904266
B	0.7454286253	0.2545713747	0.2637869345	0.7362130655
4	ALT:CIRCLE-DIAMETER
PI	0.8798185260	0.1201814740
A	1.0000000000	0.0000000000	0.4350794618	0.5649205382
B	0.7617098646	0.2382901354	0.2322769722	0.7677230278
5	ALT:CIRCLE-AREA
PI	0.3884827025	0.6115172975
A	1.0000000000	0.0000000000	0.5379321865	0.4620678135
B	0.8576368270	0.1423631730	0.2975854794	0.7024145206
6	ALT:CIRCLE-CIRCUMFERENCE
PI	0.5156365911	0.4843634089
A	1.0000000000	0.0000000000	0.4046482273	0.5953517727
B	0.7656482324	0.2343517676	0.1994652143	0.8005347857
7	ALT:PARALLELOGRAM-AREA
PI	0.6009956392	0.3990043608
A	1.0000000000	0.0000000000	0.4121541316	0.5878458684
B	0.9825743644	0.0174256356	0.2173595205	0.7826404795
8	ALT:COMPOSE-BY-ADDITION
PI	0.6586829862	0.3413170138
A	1.0000000000	0.0000000000	0.4148462797	0.5851537203
B	0.9862422321	0.0137577679	0.2374566758	0.7625433242
9	ALT:TRIANGLE-AREA
PI	0.1969363001	0.8030636999
A	1.0000000000	0.0000000000	0.6688287968	0.3311712032
B	0.9813378165	0.0186621835	0.2844186977	0.7155813023
