SolverId	1.2
nK	15
nG	1
nS	2
nO	2
nZ	1
Null skill ratios	  1.0000000	  0.0000000
0	ALT:PARALLELOGRAM-SIDE
PI	0.4578623973	0.5421376027
A	1.0000000000	0.0000000000	0.2502834197	0.7497165803
B	0.7505659499	0.2494340501	0.0750950891	0.9249049109
1	ALT:PARALLELOGRAM-AREA
PI	0.4783960440	0.5216039560
A	1.0000000000	0.0000000000	0.1721770988	0.8278229012
B	0.7886969104	0.2113030896	0.0152304688	0.9847695312
2	ALT:COMPOSE-BY-ADDITION
PI	0.4385074027	0.5614925973
A	1.0000000000	0.0000000000	0.1179300120	0.8820699880
B	0.7167920222	0.2832079778	0.1095824843	0.8904175157
3	ALT:TRAPEZOID-AREA
PI	0.6009956392	0.3990043608
A	1.0000000000	0.0000000000	0.4121541316	0.5878458684
B	0.9825743644	0.0174256356	0.2173595205	0.7826404795
4	ALT:TRAPEZOID-BASE
PI	0.8628882930	0.1371117070
A	1.0000000000	0.0000000000	0.3950450083	0.6049549917
B	0.7294803404	0.2705196596	0.2861311596	0.7138688404
5	ALT:TRAPEZOID-HEIGHT
PI	0.5065636492	0.4934363508
A	1.0000000000	0.0000000000	0.3768254433	0.6231745567
B	0.7142300680	0.2857699320	0.2055281120	0.7944718880
6	ALT:TRIANGLE-SIDE
PI	0.0646075901	0.9353924099
A	1.0000000000	0.0000000000	0.0750354758	0.9249645242
B	0.7023136578	0.2976863422	0.2719805766	0.7280194234
7	ALT:PENTAGON-AREA
PI	0.7660555451	0.2339444549
A	1.0000000000	0.0000000000	0.2842175688	0.7157824312
B	0.7065175732	0.2934824268	0.1816188119	0.8183811881
8	ALT:PENTAGON-SIDE
PI	0.5202566269	0.4797433731
A	1.0000000000	0.0000000000	0.4019326333	0.5980673667
B	0.7291321324	0.2708678676	0.2033483710	0.7966516290
9	ALT:COMPOSE-BY-MULTIPLICATION
PI	0.4997076264	0.5002923736
A	1.0000000000	0.0000000000	0.3965147256	0.6034852744
B	0.7997046492	0.2002953508	0.1991548469	0.8008451531
10	ALT:TRIANGLE-AREA
PI	0.4872892774	0.5127107226
A	1.0000000000	0.0000000000	0.3060526115	0.6939473885
B	0.7887553385	0.2112446615	0.1664315781	0.8335684219
11	ALT:CIRCLE-RADIUS
PI	0.3851179154	0.6148820846
A	1.0000000000	0.0000000000	0.0272597763	0.9727402237
B	0.7005928058	0.2994071942	0.2832821960	0.7167178040
12	ALT:CIRCLE-AREA
PI	0.4467106831	0.5532893169
A	1.0000000000	0.0000000000	0.0204821848	0.9795178152
B	0.7789753100	0.2210246900	0.0967799523	0.9032200477
13	ALT:CIRCLE-CIRCUMFERENCE
PI	0.4211610304	0.5788389696
A	1.0000000000	0.0000000000	0.1900568269	0.8099431731
B	0.7526155962	0.2473844038	0.0143175553	0.9856824447
14	ALT:CIRCLE-DIAMETER
PI	0.4758160808	0.5241839192
A	1.0000000000	0.0000000000	0.3633492552	0.6366507448
B	0.7129260955	0.2870739045	0.2020021435	0.7979978565
