SolverId	1.2
nK	15
nG	1
nS	2
nO	2
nZ	1
Null skill ratios	  1.0000000	  0.0000000
0	ALT:PARALLELOGRAM-AREA
PI	0.4559460296	0.5440539704
A	1.0000000000	0.0000000000	0.0207413303	0.9792586697
B	0.7554401280	0.2445598720	0.0732872397	0.9267127603
1	ALT:PARALLELOGRAM-SIDE
PI	0.4211610304	0.5788389696
A	1.0000000000	0.0000000000	0.1900568269	0.8099431731
B	0.7526155962	0.2473844038	0.0143175553	0.9856824447
2	ALT:COMPOSE-BY-ADDITION
PI	0.4389048697	0.5610951303
A	1.0000000000	0.0000000000	0.0283811709	0.9716188291
B	0.7004877481	0.2995122519	0.1856109946	0.8143890054
3	ALT:TRAPEZOID-AREA
PI	0.0928310633	0.9071689367
A	1.0000000000	0.0000000000	0.2938058725	0.7061941275
B	0.7120141355	0.2879858645	0.2799675292	0.7200324708
4	ALT:TRAPEZOID-BASE
PI	0.1969363001	0.8030636999
A	1.0000000000	0.0000000000	0.6688287968	0.3311712032
B	0.9813378165	0.0186621835	0.2844186977	0.7155813023
5	ALT:TRAPEZOID-HEIGHT
PI	0.5299408306	0.4700591694
A	1.0000000000	0.0000000000	0.3878043087	0.6121956913
B	0.7162320536	0.2837679464	0.2140357031	0.7859642969
6	ALT:TRIANGLE-AREA
PI	0.4342928695	0.5657071305
A	1.0000000000	0.0000000000	0.0180467527	0.9819532473
B	0.7731624805	0.2268375195	0.1175663221	0.8824336779
7	ALT:TRIANGLE-SIDE
PI	0.0826756213	0.9173243787
A	1.0000000000	0.0000000000	0.5199779619	0.4800220381
B	0.9264503173	0.0735496827	0.0440570374	0.9559429626
8	ALT:PENTAGON-AREA
PI	0.5212280439	0.4787719561
A	1.0000000000	0.0000000000	0.4011963942	0.5988036058
B	0.7368054876	0.2631945124	0.2059033455	0.7940966545
9	ALT:PENTAGON-SIDE
PI	0.5037104259	0.4962895741
A	1.0000000000	0.0000000000	0.4003800120	0.5996199880
B	0.7303931469	0.2696068531	0.2007244268	0.7992755732
10	ALT:COMPOSE-BY-MULTIPLICATION
PI	0.5000013380	0.4999986620
A	1.0000000000	0.0000000000	0.3999991677	0.6000008323
B	0.7999538722	0.2000461278	0.2000007860	0.7999992140
11	ALT:CIRCLE-AREA
PI	0.4465173509	0.5534826491
A	1.0000000000	0.0000000000	0.1807121549	0.8192878451
B	0.7697750632	0.2302249368	0.0149948543	0.9850051457
12	ALT:CIRCLE-CIRCUMFERENCE
PI	0.3997685691	0.6002314309
A	1.0000000000	0.0000000000	0.2041750720	0.7958249280
B	0.7362943442	0.2637056558	0.0169471556	0.9830528444
13	ALT:CIRCLE-DIAMETER
PI	0.3016282343	0.6983717657
A	1.0000000000	0.0000000000	0.2768492267	0.7231507733
B	0.7001057138	0.2998942862	0.0139998616	0.9860001384
14	ALT:CIRCLE-RADIUS
PI	0.3997685691	0.6002314309
A	1.0000000000	0.0000000000	0.2041750720	0.7958249280
B	0.7362943442	0.2637056558	0.0169471556	0.9830528444
