SolverId	1.2
nK	15
nG	1
nS	2
nO	2
nZ	1
Null skill ratios	  1.0000000	  0.0000000
0	ALT:PARALLELOGRAM-AREA
PI	0.5057940307	0.4942059693
A	1.0000000000	0.0000000000	0.4019122000	0.5980878000
B	0.9126711208	0.0873288792	0.2002420242	0.7997579758
1	ALT:PARALLELOGRAM-SIDE
PI	0.8589944328	0.1410055672
A	1.0000000000	0.0000000000	0.4340087862	0.5659912138
B	0.8020696124	0.1979303876	0.2275989779	0.7724010221
2	ALT:COMPOSE-BY-ADDITION
PI	0.4840229114	0.5159770886
A	1.0000000000	0.0000000000	0.4140051746	0.5859948254
B	0.8665522281	0.1334477719	0.2207406624	0.7792593376
3	ALT:TRAPEZOID-AREA
PI	0.0456412271	0.9543587729
A	1.0000000000	0.0000000000	0.5164595061	0.4835404939
B	0.7337299519	0.2662700481	0.1185547158	0.8814452842
4	ALT:TRAPEZOID-HEIGHT
PI	0.1877365142	0.8122634858
A	1.0000000000	0.0000000000	0.3498125375	0.6501874625
B	0.7157984909	0.2842015091	0.0622490445	0.9377509555
5	ALT:TRAPEZOID-BASE
PI	0.1495042108	0.8504957892
A	1.0000000000	0.0000000000	0.6044216505	0.3955783495
B	0.8178906267	0.1821093733	0.2947719848	0.7052280152
6	ALT:TRIANGLE-AREA
PI	0.4802880388	0.5197119612
A	1.0000000000	0.0000000000	0.3883916078	0.6116083922
B	0.9297207107	0.0702792893	0.1671074900	0.8328925100
7	ALT:TRIANGLE-SIDE
PI	0.4290805364	0.5709194636
A	1.0000000000	0.0000000000	0.3912771340	0.6087228660
B	0.7750113751	0.2249886249	0.2856422347	0.7143577653
8	ALT:PENTAGON-AREA
PI	0.5061011218	0.4938988782
A	1.0000000000	0.0000000000	0.3948565849	0.6051434151
B	0.7529231191	0.2470768809	0.2038022506	0.7961977494
9	ALT:COMPOSE-BY-MULTIPLICATION
PI	0.4851264092	0.5148735908
A	1.0000000000	0.0000000000	0.4258593965	0.5741406035
B	0.9070445778	0.0929554222	0.2095644545	0.7904355455
10	ALT:PENTAGON-SIDE
PI	0.4671668111	0.5328331889
A	1.0000000000	0.0000000000	0.4216819530	0.5783180470
B	0.9200354430	0.0799645570	0.2402751921	0.7597248079
11	ALT:CIRCLE-RADIUS
PI	0.5578903418	0.4421096582
A	1.0000000000	0.0000000000	0.4074301010	0.5925698990
B	0.9825743644	0.0174256356	0.2077756919	0.7922243081
12	ALT:CIRCLE-AREA
PI	0.4324166927	0.5675833073
A	1.0000000000	0.0000000000	0.3548385510	0.6451614490
B	0.9627509673	0.0372490327	0.2790981887	0.7209018113
13	ALT:CIRCLE-DIAMETER
PI	0.6009956392	0.3990043608
A	1.0000000000	0.0000000000	0.4121541316	0.5878458684
B	0.9825743644	0.0174256356	0.2173595205	0.7826404795
14	ALT:CIRCLE-CIRCUMFERENCE
PI	0.5578903418	0.4421096582
A	1.0000000000	0.0000000000	0.4074301010	0.5925698990
B	0.9825743644	0.0174256356	0.2077756919	0.7922243081
