SolverId	1.2
nK	10
nG	1
nS	2
nO	2
nZ	1
Null skill ratios	  1.0000000	  0.0000000
0	ALT:PENTAGON-AREA
PI	0.4902197573	0.5097802427
A	1.0000000000	0.0000000000	0.3426650822	0.6573349178
B	0.7024603353	0.2975396647	0.1527374357	0.8472625643
1	ALT:PENTAGON-SIDE
PI	0.1299848523	0.8700151477
A	1.0000000000	0.0000000000	0.4337281560	0.5662718440
B	0.7531242769	0.2468757231	0.2490413313	0.7509586687
2	ALT:CIRCLE-RADIUS
PI	0.3891189170	0.6108810830
A	1.0000000000	0.0000000000	0.0252329055	0.9747670945
B	0.7001985213	0.2998014787	0.1356040913	0.8643959087
3	ALT:CIRCLE-CIRCUMFERENCE
PI	0.4540183305	0.5459816695
A	1.0000000000	0.0000000000	0.1784000773	0.8215999227
B	0.7744938468	0.2255061532	0.0151151633	0.9848848367
4	ALT:CIRCLE-DIAMETER
PI	0.4797789718	0.5202210282
A	1.0000000000	0.0000000000	0.3495321891	0.6504678109
B	0.7084660061	0.2915339939	0.2205226518	0.7794773482
5	ALT:CIRCLE-AREA
PI	0.4578623973	0.5421376027
A	1.0000000000	0.0000000000	0.2502834197	0.7497165803
B	0.7505659499	0.2494340501	0.0750950891	0.9249049109
6	ALT:PARALLELOGRAM-AREA
PI	0.3615615082	0.6384384918
A	1.0000000000	0.0000000000	0.2249084295	0.7750915705
B	0.7083553061	0.2916446939	0.0140915441	0.9859084559
7	ALT:COMPOSE-BY-ADDITION
PI	0.3657728432	0.6342271568
A	1.0000000000	0.0000000000	0.0252350357	0.9747649643
B	0.7002225986	0.2997774014	0.1592890551	0.8407109449
8	ALT:TRIANGLE-AREA
PI	0.3615615082	0.6384384918
A	1.0000000000	0.0000000000	0.2249084295	0.7750915705
B	0.7083553061	0.2916446939	0.0140915441	0.9859084559
9	ALT:TRIANGLE-SIDE
PI	0.7705369030	0.2294630970
A	1.0000000000	0.0000000000	0.4000000000	0.6000000000
B	0.9758128013	0.0241871987	0.2995965495	0.7004034505
