SolverId	1.2
nK	15
nG	1
nS	2
nO	2
nZ	1
Null skill ratios	  1.0000000	  0.0000000
0	ALT:PARALLELOGRAM-AREA
PI	0.4690988335	0.5309011665
A	1.0000000000	0.0000000000	0.0201350197	0.9798649803
B	0.7891474662	0.2108525338	0.0552207594	0.9447792406
1	ALT:PARALLELOGRAM-SIDE
PI	0.3347676894	0.6652323106
A	1.0000000000	0.0000000000	0.0287677398	0.9712322602
B	0.7003496344	0.2996503656	0.1928349915	0.8071650085
2	ALT:COMPOSE-BY-ADDITION
PI	0.4650102077	0.5349897923
A	1.0000000000	0.0000000000	0.0211864943	0.9788135057
B	0.7553333002	0.2446666998	0.1128182759	0.8871817241
3	ALT:TRAPEZOID-AREA
PI	0.4545835266	0.5454164734
A	1.0000000000	0.0000000000	0.2612969196	0.7387030804
B	0.7025440733	0.2974559267	0.0820478586	0.9179521414
4	ALT:TRAPEZOID-HEIGHT
PI	0.5091324752	0.4908675248
A	1.0000000000	0.0000000000	0.3786057910	0.6213942090
B	0.7096210303	0.2903789697	0.2079824167	0.7920175833
5	ALT:TRAPEZOID-BASE
PI	0.1954099534	0.8045900466
A	1.0000000000	0.0000000000	0.0480648211	0.9519351789
B	0.7013715172	0.2986284828	0.2215104826	0.7784895174
6	ALT:TRIANGLE-AREA
PI	0.4361773590	0.5638226410
A	1.0000000000	0.0000000000	0.1842376554	0.8157623446
B	0.7629933197	0.2370066803	0.0147680631	0.9852319369
7	ALT:TRIANGLE-SIDE
PI	0.0646075901	0.9353924099
A	1.0000000000	0.0000000000	0.0750354758	0.9249645242
B	0.7023136578	0.2976863422	0.2719805766	0.7280194234
8	ALT:PENTAGON-SIDE
PI	0.4465173509	0.5534826491
A	1.0000000000	0.0000000000	0.1807121549	0.8192878451
B	0.7697750632	0.2302249368	0.0149948543	0.9850051457
9	ALT:COMPOSE-BY-MULTIPLICATION
PI	0.4540183305	0.5459816695
A	1.0000000000	0.0000000000	0.1784000773	0.8215999227
B	0.7744938468	0.2255061532	0.0151151633	0.9848848367
10	ALT:PENTAGON-AREA
PI	0.7660555451	0.2339444549
A	1.0000000000	0.0000000000	0.2842175688	0.7157824312
B	0.7065175732	0.2934824268	0.1816188119	0.8183811881
11	ALT:CIRCLE-DIAMETER
PI	0.3997685691	0.6002314309
A	1.0000000000	0.0000000000	0.2041750720	0.7958249280
B	0.7362943442	0.2637056558	0.0169471556	0.9830528444
12	ALT:CIRCLE-AREA
PI	0.4670493103	0.5329506897
A	1.0000000000	0.0000000000	0.2145097820	0.7854902180
B	0.7791924680	0.2208075320	0.0482329277	0.9517670723
13	ALT:CIRCLE-CIRCUMFERENCE
PI	0.4690369113	0.5309630887
A	1.0000000000	0.0000000000	0.3088940248	0.6911059752
B	0.7011885311	0.2988114689	0.1215303978	0.8784696022
14	ALT:CIRCLE-RADIUS
PI	0.3997685691	0.6002314309
A	1.0000000000	0.0000000000	0.2041750720	0.7958249280
B	0.7362943442	0.2637056558	0.0169471556	0.9830528444
