SolverId	1.2
nK	15
nG	1
nS	2
nO	2
nZ	1
Null skill ratios	  1.0000000	  0.0000000
0	ALT:PARALLELOGRAM-SIDE
PI	0.5578903418	0.4421096582
A	1.0000000000	0.0000000000	0.4074301010	0.5925698990
B	0.9825743644	0.0174256356	0.2077756919	0.7922243081
1	ALT:PARALLELOGRAM-AREA
PI	0.5196358067	0.4803641933
A	1.0000000000	0.0000000000	0.4026127776	0.5973872224
B	0.9196967801	0.0803032199	0.2010331216	0.7989668784
2	ALT:COMPOSE-BY-ADDITION
PI	0.5036182872	0.4963817128
A	1.0000000000	0.0000000000	0.4005320992	0.5994679008
B	0.7970830988	0.2029169012	0.2002132168	0.7997867832
3	ALT:TRAPEZOID-AREA
PI	0.4435725883	0.5564274117
A	1.0000000000	0.0000000000	0.4581812887	0.5418187113
B	0.7772395185	0.2227604815	0.2924506649	0.7075493351
4	ALT:TRAPEZOID-BASE
PI	0.4746351506	0.5253648494
A	1.0000000000	0.0000000000	0.4391672010	0.5608327990
B	0.9806662652	0.0193337348	0.2114143861	0.7885856139
5	ALT:TRAPEZOID-HEIGHT
PI	0.5578903418	0.4421096582
A	1.0000000000	0.0000000000	0.4074301010	0.5925698990
B	0.9825743644	0.0174256356	0.2077756919	0.7922243081
6	ALT:TRIANGLE-AREA
PI	0.5403609034	0.4596390966
A	1.0000000000	0.0000000000	0.4052234360	0.5947765640
B	0.9825743644	0.0174256356	0.2047140185	0.7952859815
7	ALT:TRIANGLE-SIDE
PI	0.1182546450	0.8817453550
A	1.0000000000	0.0000000000	0.8511769253	0.1488230747
B	0.7563274668	0.2436725332	0.2987603317	0.7012396683
8	ALT:PENTAGON-AREA
PI	0.4734148549	0.5265851451
A	1.0000000000	0.0000000000	0.4453755535	0.5546244465
B	0.8802676524	0.1197323476	0.2199018442	0.7800981558
9	ALT:PENTAGON-SIDE
PI	0.4263130103	0.5736869897
A	1.0000000000	0.0000000000	0.0935397282	0.9064602718
B	0.7229652615	0.2770347385	0.2225312117	0.7774687883
10	ALT:COMPOSE-BY-MULTIPLICATION
PI	0.5202849132	0.4797150868
A	1.0000000000	0.0000000000	0.4074733703	0.5925266297
B	0.8862076934	0.1137923066	0.1985176113	0.8014823887
11	ALT:CIRCLE-AREA
PI	0.5283452541	0.4716547459
A	1.0000000000	0.0000000000	0.4037928448	0.5962071552
B	0.9023606148	0.0976393852	0.2015089860	0.7984910140
12	ALT:CIRCLE-CIRCUMFERENCE
PI	0.5403609034	0.4596390966
A	1.0000000000	0.0000000000	0.4052234360	0.5947765640
B	0.9825743644	0.0174256356	0.2047140185	0.7952859815
13	ALT:CIRCLE-DIAMETER
PI	0.5086276883	0.4913723117
A	1.0000000000	0.0000000000	0.3999543704	0.6000456296
B	0.7503310785	0.2496689215	0.2028112684	0.7971887316
14	ALT:CIRCLE-RADIUS
PI	0.3850514434	0.6149485566
A	1.0000000000	0.0000000000	0.6031988485	0.3968011515
B	0.7737699450	0.2262300550	0.2988757065	0.7011242935
