SolverId	1.2
nK	15
nG	1
nS	2
nO	2
nZ	1
Null skill ratios	  1.0000000	  0.0000000
0	ALT:PARALLELOGRAM-AREA
PI	0.5121821260	0.4878178740
A	1.0000000000	0.0000000000	0.4015972605	0.5984027395
B	0.9825743644	0.0174256356	0.2008269525	0.7991730475
1	ALT:COMPOSE-BY-ADDITION
PI	0.5187164613	0.4812835387
A	1.0000000000	0.0000000000	0.4026061522	0.5973938478
B	0.8595126488	0.1404873512	0.2010087791	0.7989912209
2	ALT:PARALLELOGRAM-SIDE
PI	0.5737477144	0.4262522856
A	1.0000000000	0.0000000000	0.4093393946	0.5906606054
B	0.9825743644	0.0174256356	0.2108683491	0.7891316509
3	ALT:TRAPEZOID-AREA
PI	0.3847646332	0.6152353668
A	1.0000000000	0.0000000000	0.5490493063	0.4509506937
B	0.9850056747	0.0149943253	0.2442669765	0.7557330235
4	ALT:TRAPEZOID-BASE
PI	0.8288858290	0.1711141710
A	1.0000000000	0.0000000000	0.4269775093	0.5730224907
B	0.7365301654	0.2634698346	0.2469878300	0.7530121700
5	ALT:TRAPEZOID-HEIGHT
PI	0.8288858290	0.1711141710
A	1.0000000000	0.0000000000	0.4269775093	0.5730224907
B	0.7365301654	0.2634698346	0.2469878300	0.7530121700
6	ALT:TRIANGLE-SIDE
PI	0.5091324752	0.4908675248
A	1.0000000000	0.0000000000	0.3786057910	0.6213942090
B	0.7096210303	0.2903789697	0.2079824167	0.7920175833
7	ALT:PENTAGON-AREA
PI	0.0456412271	0.9543587729
A	1.0000000000	0.0000000000	0.5164595061	0.4835404939
B	0.7337299519	0.2662700481	0.1185547158	0.8814452842
8	ALT:PENTAGON-SIDE
PI	0.5605793679	0.4394206321
A	1.0000000000	0.0000000000	0.4068735030	0.5931264970
B	0.8566677004	0.1433322996	0.2106515722	0.7893484278
9	ALT:TRIANGLE-AREA
PI	0.5416601530	0.4583398470
A	1.0000000000	0.0000000000	0.4055971310	0.5944028690
B	0.8788457410	0.1211542590	0.2023461904	0.7976538096
10	ALT:COMPOSE-BY-MULTIPLICATION
PI	0.5180736990	0.4819263010
A	1.0000000000	0.0000000000	0.4014574653	0.5985425347
B	0.8361938409	0.1638061591	0.2044226481	0.7955773519
11	ALT:CIRCLE-RADIUS
PI	0.5475829299	0.4524170701
A	1.0000000000	0.0000000000	0.4061392641	0.5938607359
B	0.9825743644	0.0174256356	0.2059356685	0.7940643315
12	ALT:CIRCLE-AREA
PI	0.4860959677	0.5139040323
A	1.0000000000	0.0000000000	0.4110524404	0.5889475596
B	0.8937733959	0.1062266041	0.2178020502	0.7821979498
13	ALT:CIRCLE-CIRCUMFERENCE
PI	0.1344863118	0.8655136882
A	1.0000000000	0.0000000000	0.8269478241	0.1730521759
B	0.7968698561	0.2031301439	0.2990833952	0.7009166048
14	ALT:CIRCLE-DIAMETER
PI	0.8770793361	0.1229206639
A	1.0000000000	0.0000000000	0.4271095734	0.5728904266
B	0.7454286253	0.2545713747	0.2637869345	0.7362130655
