SolverId	1.2
nK	15
nG	1
nS	2
nO	2
nZ	1
Null skill ratios	  1.0000000	  0.0000000
0	ALT:PARALLELOGRAM-AREA
PI	0.5133310264	0.4866689736
A	1.0000000000	0.0000000000	0.4017775260	0.5982224740
B	0.9336711162	0.0663288838	0.2006617129	0.7993382871
1	ALT:PARALLELOGRAM-SIDE
PI	0.5578903418	0.4421096582
A	1.0000000000	0.0000000000	0.4074301010	0.5925698990
B	0.9825743644	0.0174256356	0.2077756919	0.7922243081
2	ALT:COMPOSE-BY-ADDITION
PI	0.5036895850	0.4963104150
A	1.0000000000	0.0000000000	0.4005425849	0.5994574151
B	0.7999457938	0.2000542062	0.2002170624	0.7997829376
3	ALT:TRAPEZOID-AREA
PI	0.3016282343	0.6983717657
A	1.0000000000	0.0000000000	0.2768492267	0.7231507733
B	0.7001057138	0.2998942862	0.0139998616	0.9860001384
4	ALT:TRAPEZOID-BASE
PI	0.2294630970	0.7705369030
A	1.0000000000	0.0000000000	0.4000000000	0.6000000000
B	0.7004034505	0.2995965495	0.0241871987	0.9758128013
5	ALT:TRAPEZOID-HEIGHT
PI	0.3016282343	0.6983717657
A	1.0000000000	0.0000000000	0.2768492267	0.7231507733
B	0.7001057138	0.2998942862	0.0139998616	0.9860001384
6	ALT:TRIANGLE-AREA
PI	0.4736399485	0.5263600515
A	1.0000000000	0.0000000000	0.4464565945	0.5535434055
B	0.8798882771	0.1201117229	0.2174995237	0.7825004763
7	ALT:PENTAGON-SIDE
PI	0.4281387490	0.5718612510
A	1.0000000000	0.0000000000	0.2502720415	0.7497279585
B	0.9365774925	0.0634225075	0.0219194085	0.9780805915
8	ALT:COMPOSE-BY-MULTIPLICATION
PI	0.4933938347	0.5066061653
A	1.0000000000	0.0000000000	0.4044719617	0.5955280383
B	0.7987091321	0.2012908679	0.2115527442	0.7884472558
9	ALT:PENTAGON-AREA
PI	0.0456412271	0.9543587729
A	1.0000000000	0.0000000000	0.5164595061	0.4835404939
B	0.7337299519	0.2662700481	0.1185547158	0.8814452842
10	ALT:TRIANGLE-SIDE
PI	0.1302431780	0.8697568220
A	1.0000000000	0.0000000000	0.6464817851	0.3535182149
B	0.7649889360	0.2350110640	0.2954293323	0.7045706677
11	ALT:CIRCLE-CIRCUMFERENCE
PI	0.3847646332	0.6152353668
A	1.0000000000	0.0000000000	0.5490493063	0.4509506937
B	0.9850056747	0.0149943253	0.2442669765	0.7557330235
12	ALT:CIRCLE-DIAMETER
PI	0.8628882930	0.1371117070
A	1.0000000000	0.0000000000	0.3950450083	0.6049549917
B	0.7294803404	0.2705196596	0.2861311596	0.7138688404
13	ALT:CIRCLE-AREA
PI	0.5103957082	0.4896042918
A	1.0000000000	0.0000000000	0.4036697740	0.5963302260
B	0.8633696097	0.1366303903	0.1988640769	0.8011359231
14	ALT:CIRCLE-RADIUS
PI	0.7660555451	0.2339444549
A	1.0000000000	0.0000000000	0.2842175688	0.7157824312
B	0.7065175732	0.2934824268	0.1816188119	0.8183811881
