SolverId	1.2
nK	15
nG	1
nS	2
nO	2
nZ	1
Null skill ratios	  1.0000000	  0.0000000
0	ALT:PARALLELOGRAM-SIDE
PI	0.5578903418	0.4421096582
A	1.0000000000	0.0000000000	0.4074301010	0.5925698990
B	0.9825743644	0.0174256356	0.2077756919	0.7922243081
1	ALT:PARALLELOGRAM-AREA
PI	0.5102939607	0.4897060393
A	1.0000000000	0.0000000000	0.4013841572	0.5986158428
B	0.9180190785	0.0819809215	0.2005074614	0.7994925386
2	ALT:COMPOSE-BY-ADDITION
PI	0.4980904993	0.5019095007
A	1.0000000000	0.0000000000	0.4007674733	0.5992325267
B	0.7334873350	0.2665126650	0.2053860826	0.7946139174
3	ALT:TRAPEZOID-AREA
PI	0.3847646332	0.6152353668
A	1.0000000000	0.0000000000	0.5490493063	0.4509506937
B	0.9850056747	0.0149943253	0.2442669765	0.7557330235
4	ALT:TRAPEZOID-HEIGHT
PI	0.6009956392	0.3990043608
A	1.0000000000	0.0000000000	0.4121541316	0.5878458684
B	0.9825743644	0.0174256356	0.2173595205	0.7826404795
5	ALT:TRAPEZOID-BASE
PI	0.7705369030	0.2294630970
A	1.0000000000	0.0000000000	0.4000000000	0.6000000000
B	0.9758128013	0.0241871987	0.2995965495	0.7004034505
6	ALT:TRIANGLE-AREA
PI	0.5046475534	0.4953524466
A	1.0000000000	0.0000000000	0.4014385097	0.5985614903
B	0.7804880252	0.2195119748	0.1997397990	0.8002602010
7	ALT:TRIANGLE-SIDE
PI	0.7376291121	0.2623708879
A	1.0000000000	0.0000000000	0.4228600572	0.5771399428
B	0.7552404200	0.2447595800	0.2397456101	0.7602543899
8	ALT:PENTAGON-AREA
PI	0.1515536211	0.8484463789
A	1.0000000000	0.0000000000	0.3383929726	0.6616070274
B	0.7534536629	0.2465463371	0.2752603740	0.7247396260
9	ALT:PENTAGON-SIDE
PI	0.4477821651	0.5522178349
A	1.0000000000	0.0000000000	0.3769616375	0.6230383625
B	0.7961880106	0.2038119894	0.2862926715	0.7137073285
10	ALT:COMPOSE-BY-MULTIPLICATION
PI	0.4767730828	0.5232269172
A	1.0000000000	0.0000000000	0.4120269217	0.5879730783
B	0.9038777560	0.0961222440	0.1953910772	0.8046089228
11	ALT:CIRCLE-DIAMETER
PI	0.5951419214	0.4048580786
A	1.0000000000	0.0000000000	0.4123861162	0.5876138838
B	0.7910998428	0.2089001572	0.2083827569	0.7916172431
12	ALT:CIRCLE-AREA
PI	0.4951897883	0.5048102117
A	1.0000000000	0.0000000000	0.3984905490	0.6015094510
B	0.8114881496	0.1885118504	0.2077838518	0.7922161482
13	ALT:CIRCLE-RADIUS
PI	0.4911243647	0.5088756353
A	1.0000000000	0.0000000000	0.4104586272	0.5895413728
B	0.7779029038	0.2220970962	0.2129550613	0.7870449387
14	ALT:CIRCLE-CIRCUMFERENCE
PI	0.7654519578	0.2345480422
A	1.0000000000	0.0000000000	0.4287830316	0.5712169684
B	0.8342698510	0.1657301490	0.2137735482	0.7862264518
