SolverId	1.2
nK	15
nG	1
nS	2
nO	2
nZ	1
Null skill ratios	  1.0000000	  0.0000000
0	ALT:PARALLELOGRAM-AREA
PI	0.5169353518	0.4830646482
A	1.0000000000	0.0000000000	0.4022148295	0.5977851705
B	0.9825743644	0.0174256356	0.2013285594	0.7986714406
1	ALT:PARALLELOGRAM-SIDE
PI	0.5737477144	0.4262522856
A	1.0000000000	0.0000000000	0.4093393946	0.5906606054
B	0.9825743644	0.0174256356	0.2108683491	0.7891316509
2	ALT:COMPOSE-BY-ADDITION
PI	0.5212944926	0.4787055074
A	1.0000000000	0.0000000000	0.4028442097	0.5971557903
B	0.9162471189	0.0837528811	0.2010964386	0.7989035614
3	ALT:TRAPEZOID-BASE
PI	0.3722446158	0.6277553842
A	1.0000000000	0.0000000000	0.3693054157	0.6306945843
B	0.9692256494	0.0307743506	0.0915385958	0.9084614042
4	ALT:TRAPEZOID-HEIGHT
PI	0.4596903031	0.5403096969
A	1.0000000000	0.0000000000	0.1767850308	0.8232149692
B	0.7779498203	0.2220501797	0.0151802544	0.9848197456
5	ALT:TRAPEZOID-AREA
PI	0.4667307575	0.5332692425
A	1.0000000000	0.0000000000	0.3333403127	0.6666596873
B	0.7178321520	0.2821678480	0.1237189653	0.8762810347
6	ALT:TRIANGLE-AREA
PI	0.7823178837	0.2176821163
A	1.0000000000	0.0000000000	0.4295842542	0.5704157458
B	0.8343303254	0.1656696746	0.2159781242	0.7840218758
7	ALT:TRIANGLE-SIDE
PI	0.8628882930	0.1371117070
A	1.0000000000	0.0000000000	0.3950450083	0.6049549917
B	0.7294803404	0.2705196596	0.2861311596	0.7138688404
8	ALT:PENTAGON-SIDE
PI	0.4833720033	0.5166279967
A	1.0000000000	0.0000000000	0.3684966448	0.6315033552
B	0.7214889356	0.2785110644	0.1567770308	0.8432229692
9	ALT:COMPOSE-BY-MULTIPLICATION
PI	0.5309233127	0.4690766873
A	1.0000000000	0.0000000000	0.4040178679	0.5959821321
B	0.9825743644	0.0174256356	0.2032176084	0.7967823916
10	ALT:PENTAGON-AREA
PI	0.1969363001	0.8030636999
A	1.0000000000	0.0000000000	0.6688287968	0.3311712032
B	0.9813378165	0.0186621835	0.2844186977	0.7155813023
11	ALT:CIRCLE-RADIUS
PI	0.5001648037	0.4998351963
A	1.0000000000	0.0000000000	0.4000204717	0.5999795283
B	0.7972477349	0.2027522651	0.2000145463	0.7999854537
12	ALT:CIRCLE-AREA
PI	0.4789280123	0.5210719877
A	1.0000000000	0.0000000000	0.3953855892	0.6046144108
B	0.8650979020	0.1349020980	0.1839761059	0.8160238941
13	ALT:CIRCLE-CIRCUMFERENCE
PI	0.4379473452	0.5620526548
A	1.0000000000	0.0000000000	0.0830656556	0.9169343444
B	0.7287530281	0.2712469719	0.2344491787	0.7655508213
14	ALT:CIRCLE-DIAMETER
PI	0.5086594857	0.4913405143
A	1.0000000000	0.0000000000	0.4012917219	0.5987082781
B	0.7605334287	0.2394665713	0.2005862674	0.7994137326
