SolverId	1.2
nK	14
nG	1
nS	2
nO	2
nZ	1
Null skill ratios	  1.0000000	  0.0000000
0	ALT:PARALLELOGRAM-AREA
PI	0.5276743907	0.4723256093
A	1.0000000000	0.0000000000	0.4036008424	0.5963991576
B	0.9825743644	0.0174256356	0.2027365610	0.7972634390
1	ALT:PARALLELOGRAM-SIDE
PI	0.5475829299	0.4524170701
A	1.0000000000	0.0000000000	0.4061392641	0.5938607359
B	0.9825743644	0.0174256356	0.2059356685	0.7940643315
2	ALT:COMPOSE-BY-ADDITION
PI	0.5515172784	0.4484827216
A	1.0000000000	0.0000000000	0.4160542057	0.5839457943
B	0.8303328532	0.1696671468	0.1990413363	0.8009586637
3	ALT:TRAPEZOID-BASE
PI	0.6009956392	0.3990043608
A	1.0000000000	0.0000000000	0.4121541316	0.5878458684
B	0.9825743644	0.0174256356	0.2173595205	0.7826404795
4	ALT:TRAPEZOID-AREA
PI	0.6009956392	0.3990043608
A	1.0000000000	0.0000000000	0.4121541316	0.5878458684
B	0.9825743644	0.0174256356	0.2173595205	0.7826404795
5	ALT:TRAPEZOID-HEIGHT
PI	0.3847646332	0.6152353668
A	1.0000000000	0.0000000000	0.5490493063	0.4509506937
B	0.9850056747	0.0149943253	0.2442669765	0.7557330235
6	ALT:TRIANGLE-AREA
PI	0.4518213451	0.5481786549
A	1.0000000000	0.0000000000	0.4715282362	0.5284717638
B	0.9829242962	0.0170757038	0.2189395320	0.7810604680
7	ALT:PENTAGON-AREA
PI	0.3847646332	0.6152353668
A	1.0000000000	0.0000000000	0.5490493063	0.4509506937
B	0.9850056747	0.0149943253	0.2442669765	0.7557330235
8	ALT:PENTAGON-SIDE
PI	0.1495042108	0.8504957892
A	1.0000000000	0.0000000000	0.6044216505	0.3955783495
B	0.8178906267	0.1821093733	0.2947719848	0.7052280152
9	ALT:COMPOSE-BY-MULTIPLICATION
PI	0.4701799013	0.5298200987
A	1.0000000000	0.0000000000	0.4457852907	0.5542147093
B	0.9801770259	0.0198229741	0.2130114772	0.7869885228
10	ALT:CIRCLE-RADIUS
PI	0.6586829862	0.3413170138
A	1.0000000000	0.0000000000	0.4148462797	0.5851537203
B	0.9862422321	0.0137577679	0.2374566758	0.7625433242
11	ALT:CIRCLE-DIAMETER
PI	0.7660555451	0.2339444549
A	1.0000000000	0.0000000000	0.2842175688	0.7157824312
B	0.7065175732	0.2934824268	0.1816188119	0.8183811881
12	ALT:CIRCLE-AREA
PI	0.6586829862	0.3413170138
A	1.0000000000	0.0000000000	0.4148462797	0.5851537203
B	0.9862422321	0.0137577679	0.2374566758	0.7625433242
13	ALT:CIRCLE-CIRCUMFERENCE
PI	0.6586829862	0.3413170138
A	1.0000000000	0.0000000000	0.4148462797	0.5851537203
B	0.9862422321	0.0137577679	0.2374566758	0.7625433242
