SolverId	1.2
nK	15
nG	1
nS	2
nO	2
nZ	1
Null skill ratios	  1.0000000	  0.0000000
0	ALT:PARALLELOGRAM-AREA
PI	0.5113073369	0.4886926631
A	1.0000000000	0.0000000000	0.4014958078	0.5985041922
B	0.9460424857	0.0539575143	0.2005477276	0.7994522724
1	ALT:COMPOSE-BY-ADDITION
PI	0.4973036693	0.5026963307
A	1.0000000000	0.0000000000	0.4052181714	0.5947818286
B	0.7620728834	0.2379271166	0.2045459944	0.7954540056
2	ALT:PARALLELOGRAM-SIDE
PI	0.3847646332	0.6152353668
A	1.0000000000	0.0000000000	0.5490493063	0.4509506937
B	0.9850056747	0.0149943253	0.2442669765	0.7557330235
3	ALT:TRAPEZOID-AREA
PI	0.3847646332	0.6152353668
A	1.0000000000	0.0000000000	0.5490493063	0.4509506937
B	0.9850056747	0.0149943253	0.2442669765	0.7557330235
4	ALT:TRAPEZOID-BASE
PI	0.2294630970	0.7705369030
A	1.0000000000	0.0000000000	0.4000000000	0.6000000000
B	0.7004034505	0.2995965495	0.0241871987	0.9758128013
5	ALT:TRAPEZOID-HEIGHT
PI	0.1969363001	0.8030636999
A	1.0000000000	0.0000000000	0.6688287968	0.3311712032
B	0.9813378165	0.0186621835	0.2844186977	0.7155813023
6	ALT:TRIANGLE-AREA
PI	0.5184185659	0.4815814341
A	1.0000000000	0.0000000000	0.4072248523	0.5927751477
B	0.9016580840	0.0983419160	0.1983024817	0.8016975183
7	ALT:TRIANGLE-SIDE
PI	0.1644361715	0.8355638285
A	1.0000000000	0.0000000000	0.5330393958	0.4669606042
B	0.7544994272	0.2455005728	0.1637204910	0.8362795090
8	ALT:PENTAGON-AREA
PI	0.0826756213	0.9173243787
A	1.0000000000	0.0000000000	0.5199779619	0.4800220381
B	0.9264503173	0.0735496827	0.0440570374	0.9559429626
9	ALT:PENTAGON-SIDE
PI	0.4701799013	0.5298200987
A	1.0000000000	0.0000000000	0.4457852907	0.5542147093
B	0.9801770259	0.0198229741	0.2130114772	0.7869885228
10	ALT:COMPOSE-BY-MULTIPLICATION
PI	0.4957851837	0.5042148163
A	1.0000000000	0.0000000000	0.4018532816	0.5981467184
B	0.7986165900	0.2013834100	0.2004367138	0.7995632862
11	ALT:CIRCLE-RADIUS
PI	0.3980395298	0.6019604702
A	1.0000000000	0.0000000000	0.3167501855	0.6832498145
B	0.8349944496	0.1650055504	0.0811109797	0.9188890203
12	ALT:CIRCLE-AREA
PI	0.5172495044	0.4827504956
A	1.0000000000	0.0000000000	0.4023902773	0.5976097227
B	0.8651050705	0.1348949295	0.2009436253	0.7990563747
13	ALT:CIRCLE-DIAMETER
PI	0.4442497188	0.5557502812
A	1.0000000000	0.0000000000	0.3060819555	0.6939180445
B	0.9519934168	0.0480065832	0.0857545140	0.9142454860
14	ALT:CIRCLE-CIRCUMFERENCE
PI	0.5000000000	0.5000000000
A	1.0000000000	0.0000000000	0.4000000000	0.6000000000
B	0.8000000000	0.2000000000	0.2000000000	0.8000000000
