SolverId	1.2
nK	15
nG	1
nS	2
nO	2
nZ	1
Null skill ratios	  1.0000000	  0.0000000
0	ALT:PARALLELOGRAM-AREA
PI	0.5158994470	0.4841005530
A	1.0000000000	0.0000000000	0.4021210019	0.5978789981
B	0.9278075763	0.0721924237	0.2007982867	0.7992017133
1	ALT:PARALLELOGRAM-SIDE
PI	0.4638180224	0.5361819776
A	1.0000000000	0.0000000000	0.4551108627	0.5448891373
B	0.9794575326	0.0205424674	0.2152014355	0.7847985645
2	ALT:COMPOSE-BY-ADDITION
PI	0.5023687902	0.4976312098
A	1.0000000000	0.0000000000	0.4003483491	0.5996516509
B	0.7962152241	0.2037847759	0.2001396498	0.7998603502
3	ALT:TRAPEZOID-AREA
PI	0.1969363001	0.8030636999
A	1.0000000000	0.0000000000	0.6688287968	0.3311712032
B	0.9813378165	0.0186621835	0.2844186977	0.7155813023
4	ALT:TRAPEZOID-HEIGHT
PI	0.1969363001	0.8030636999
A	1.0000000000	0.0000000000	0.6688287968	0.3311712032
B	0.9813378165	0.0186621835	0.2844186977	0.7155813023
5	ALT:TRAPEZOID-BASE
PI	0.6586829862	0.3413170138
A	1.0000000000	0.0000000000	0.4148462797	0.5851537203
B	0.9862422321	0.0137577679	0.2374566758	0.7625433242
6	ALT:TRIANGLE-AREA
PI	0.5276743907	0.4723256093
A	1.0000000000	0.0000000000	0.4036008424	0.5963991576
B	0.9825743644	0.0174256356	0.2027365610	0.7972634390
7	ALT:TRIANGLE-SIDE
PI	0.8628882930	0.1371117070
A	1.0000000000	0.0000000000	0.3950450083	0.6049549917
B	0.7294803404	0.2705196596	0.2861311596	0.7138688404
8	ALT:PENTAGON-SIDE
PI	0.5578903418	0.4421096582
A	1.0000000000	0.0000000000	0.4074301010	0.5925698990
B	0.9825743644	0.0174256356	0.2077756919	0.7922243081
9	ALT:COMPOSE-BY-MULTIPLICATION
PI	0.5030347128	0.4969652872
A	1.0000000000	0.0000000000	0.4009825476	0.5990174524
B	0.7990740501	0.2009259499	0.1997608393	0.8002391607
10	ALT:PENTAGON-AREA
PI	0.3847646332	0.6152353668
A	1.0000000000	0.0000000000	0.5490493063	0.4509506937
B	0.9850056747	0.0149943253	0.2442669765	0.7557330235
11	ALT:CIRCLE-AREA
PI	0.5151396027	0.4848603973
A	1.0000000000	0.0000000000	0.4016197726	0.5983802274
B	0.9276838768	0.0723161232	0.2029279768	0.7970720232
12	ALT:CIRCLE-CIRCUMFERENCE
PI	0.5737477144	0.4262522856
A	1.0000000000	0.0000000000	0.4093393946	0.5906606054
B	0.9825743644	0.0174256356	0.2108683491	0.7891316509
13	ALT:CIRCLE-DIAMETER
PI	0.8725031694	0.1274968306
A	1.0000000000	0.0000000000	0.4320345718	0.5679654282
B	0.7633605978	0.2366394022	0.2525122391	0.7474877609
14	ALT:CIRCLE-RADIUS
PI	0.5515172784	0.4484827216
A	1.0000000000	0.0000000000	0.4160542057	0.5839457943
B	0.8303328532	0.1696671468	0.1990413363	0.8009586637
