SolverId	1.2
nK	15
nG	1
nS	2
nO	2
nZ	1
Null skill ratios	  1.0000000	  0.0000000
0	ALT:PARALLELOGRAM-AREA
PI	0.4997201271	0.5002798729
A	1.0000000000	0.0000000000	0.3957224935	0.6042775065
B	0.7993073370	0.2006926630	0.1991666920	0.8008333080
1	ALT:PARALLELOGRAM-SIDE
PI	0.4211610304	0.5788389696
A	1.0000000000	0.0000000000	0.1900568269	0.8099431731
B	0.7526155962	0.2473844038	0.0143175553	0.9856824447
2	ALT:COMPOSE-BY-ADDITION
PI	0.4923156711	0.5076843289
A	1.0000000000	0.0000000000	0.3950129782	0.6049870218
B	0.7600831730	0.2399168270	0.2038047904	0.7961952096
3	ALT:TRAPEZOID-BASE
PI	0.4902197573	0.5097802427
A	1.0000000000	0.0000000000	0.3426650822	0.6573349178
B	0.7024603353	0.2975396647	0.1527374357	0.8472625643
4	ALT:TRAPEZOID-AREA
PI	0.3016282343	0.6983717657
A	1.0000000000	0.0000000000	0.2768492267	0.7231507733
B	0.7001057138	0.2998942862	0.0139998616	0.9860001384
5	ALT:TRAPEZOID-HEIGHT
PI	0.6009956392	0.3990043608
A	1.0000000000	0.0000000000	0.4121541316	0.5878458684
B	0.9825743644	0.0174256356	0.2173595205	0.7826404795
6	ALT:TRIANGLE-AREA
PI	0.4396314100	0.5603685900
A	1.0000000000	0.0000000000	0.0237258330	0.9762741670
B	0.7001217266	0.2998782734	0.1834577287	0.8165422713
7	ALT:TRIANGLE-SIDE
PI	0.4682658820	0.5317341180
A	1.0000000000	0.0000000000	0.4139517811	0.5860482189
B	0.7207767558	0.2792232442	0.2710087039	0.7289912961
8	ALT:PENTAGON-AREA
PI	0.5065636492	0.4934363508
A	1.0000000000	0.0000000000	0.3768254433	0.6231745567
B	0.7142300680	0.2857699320	0.2055281120	0.7944718880
9	ALT:PENTAGON-SIDE
PI	0.4578623973	0.5421376027
A	1.0000000000	0.0000000000	0.2502834197	0.7497165803
B	0.7505659499	0.2494340501	0.0750950891	0.9249049109
10	ALT:COMPOSE-BY-MULTIPLICATION
PI	0.5000268924	0.4999731076
A	1.0000000000	0.0000000000	0.3999472709	0.6000527291
B	0.7990279523	0.2009720477	0.2000376647	0.7999623353
11	ALT:CIRCLE-RADIUS
PI	0.5087863253	0.4912136747
A	1.0000000000	0.0000000000	0.4006750287	0.5993249713
B	0.7324863866	0.2675136134	0.2018529200	0.7981470800
12	ALT:CIRCLE-AREA
PI	0.4999195185	0.5000804815
A	1.0000000000	0.0000000000	0.3984037632	0.6015962368
B	0.7997620769	0.2002379231	0.2002729556	0.7997270444
13	ALT:CIRCLE-CIRCUMFERENCE
PI	0.4697848906	0.5302151094
A	1.0000000000	0.0000000000	0.2081101698	0.7918898302
B	0.7817625668	0.2182374332	0.0435345724	0.9564654276
14	ALT:CIRCLE-DIAMETER
PI	0.4722438755	0.5277561245
A	1.0000000000	0.0000000000	0.2153087944	0.7846912056
B	0.7836573063	0.2163426937	0.0497552919	0.9502447081
