SolverId	1.2
nK	15
nG	1
nS	2
nO	2
nZ	1
Null skill ratios	  1.0000000	  0.0000000
0	ALT:PARALLELOGRAM-AREA
PI	0.4546712073	0.5453287927
A	1.0000000000	0.0000000000	0.0185993114	0.9814006886
B	0.7830647544	0.2169352456	0.0817395539	0.9182604461
1	ALT:PARALLELOGRAM-SIDE
PI	0.3997685691	0.6002314309
A	1.0000000000	0.0000000000	0.2041750720	0.7958249280
B	0.7362943442	0.2637056558	0.0169471556	0.9830528444
2	ALT:COMPOSE-BY-ADDITION
PI	0.4265240988	0.5734759012
A	1.0000000000	0.0000000000	0.0446231754	0.9553768246
B	0.7022437141	0.2977562859	0.2107672853	0.7892327147
3	ALT:TRAPEZOID-AREA
PI	0.4970311447	0.5029688553
A	1.0000000000	0.0000000000	0.3576850356	0.6423149644
B	0.7076332963	0.2923667037	0.2014977874	0.7985022126
4	ALT:TRAPEZOID-BASE
PI	0.2633307642	0.7366692358
A	1.0000000000	0.0000000000	0.0372239481	0.9627760519
B	0.7009715659	0.2990284341	0.2811134593	0.7188865407
5	ALT:TRAPEZOID-HEIGHT
PI	0.1131973270	0.8868026730
A	1.0000000000	0.0000000000	0.8392173803	0.1607826197
B	0.7390214051	0.2609785949	0.2982797530	0.7017202470
6	ALT:TRIANGLE-SIDE
PI	0.4979544538	0.5020455462
A	1.0000000000	0.0000000000	0.3707706365	0.6292293635
B	0.7168017126	0.2831982874	0.1918555656	0.8081444344
7	ALT:TRIANGLE-AREA
PI	0.4361773590	0.5638226410
A	1.0000000000	0.0000000000	0.1842376554	0.8157623446
B	0.7629933197	0.2370066803	0.0147680631	0.9852319369
8	ALT:PENTAGON-SIDE
PI	0.5039101180	0.4960898820
A	1.0000000000	0.0000000000	0.4000263741	0.5999736259
B	0.7489883409	0.2510116591	0.2012033299	0.7987966701
9	ALT:COMPOSE-BY-MULTIPLICATION
PI	0.4540183305	0.5459816695
A	1.0000000000	0.0000000000	0.1784000773	0.8215999227
B	0.7744938468	0.2255061532	0.0151151633	0.9848848367
10	ALT:PENTAGON-AREA
PI	0.4314299320	0.5685700680
A	1.0000000000	0.0000000000	0.0624526801	0.9375473199
B	0.7004646426	0.2995353574	0.1755309420	0.8244690580
11	ALT:CIRCLE-RADIUS
PI	0.4211610304	0.5788389696
A	1.0000000000	0.0000000000	0.1900568269	0.8099431731
B	0.7526155962	0.2473844038	0.0143175553	0.9856824447
12	ALT:CIRCLE-CIRCUMFERENCE
PI	0.4211610304	0.5788389696
A	1.0000000000	0.0000000000	0.1900568269	0.8099431731
B	0.7526155962	0.2473844038	0.0143175553	0.9856824447
13	ALT:CIRCLE-DIAMETER
PI	0.3997685691	0.6002314309
A	1.0000000000	0.0000000000	0.2041750720	0.7958249280
B	0.7362943442	0.2637056558	0.0169471556	0.9830528444
14	ALT:CIRCLE-AREA
PI	0.4361773590	0.5638226410
A	1.0000000000	0.0000000000	0.1842376554	0.8157623446
B	0.7629933197	0.2370066803	0.0147680631	0.9852319369
