SolverId	1.2
nK	15
nG	1
nS	2
nO	2
nZ	1
Null skill ratios	  1.0000000	  0.0000000
0	ALT:PARALLELOGRAM-SIDE
PI	0.4361773590	0.5638226410
A	1.0000000000	0.0000000000	0.1842376554	0.8157623446
B	0.7629933197	0.2370066803	0.0147680631	0.9852319369
1	ALT:PARALLELOGRAM-AREA
PI	0.4719705958	0.5280294042
A	1.0000000000	0.0000000000	0.0195186418	0.9804813582
B	0.7902690300	0.2097309700	0.0496424702	0.9503575298
2	ALT:COMPOSE-BY-ADDITION
PI	0.4984653722	0.5015346278
A	1.0000000000	0.0000000000	0.3910555258	0.6089444742
B	0.7247272278	0.2752727722	0.2015337214	0.7984662786
3	ALT:TRAPEZOID-AREA
PI	0.4902197573	0.5097802427
A	1.0000000000	0.0000000000	0.3426650822	0.6573349178
B	0.7024603353	0.2975396647	0.1527374357	0.8472625643
4	ALT:TRAPEZOID-BASE
PI	0.4902197573	0.5097802427
A	1.0000000000	0.0000000000	0.3426650822	0.6573349178
B	0.7024603353	0.2975396647	0.1527374357	0.8472625643
5	ALT:TRAPEZOID-HEIGHT
PI	0.7660555451	0.2339444549
A	1.0000000000	0.0000000000	0.2842175688	0.7157824312
B	0.7065175732	0.2934824268	0.1816188119	0.8183811881
6	ALT:TRIANGLE-SIDE
PI	0.2763831537	0.7236168463
A	1.0000000000	0.0000000000	0.0451759137	0.9548240863
B	0.7011069712	0.2988930288	0.1705507267	0.8294492733
7	ALT:TRIANGLE-AREA
PI	0.5000474618	0.4999525382
A	1.0000000000	0.0000000000	0.3998103928	0.6001896072
B	0.7967761433	0.2032238567	0.2001167211	0.7998832789
8	ALT:PENTAGON-AREA
PI	0.5336461447	0.4663538553
A	1.0000000000	0.0000000000	0.4017639105	0.5982360895
B	0.7265234644	0.2734765356	0.2072196701	0.7927803299
9	ALT:PENTAGON-SIDE
PI	0.4467419055	0.5532580945
A	1.0000000000	0.0000000000	0.0204614305	0.9795385695
B	0.7795734689	0.2204265311	0.0967834431	0.9032165569
10	ALT:COMPOSE-BY-MULTIPLICATION
PI	0.4890101552	0.5109898448
A	1.0000000000	0.0000000000	0.2909986775	0.7090013225
B	0.7981024796	0.2018975204	0.1462956306	0.8537043694
11	ALT:CIRCLE-RADIUS
PI	0.4998844070	0.5001155930
A	1.0000000000	0.0000000000	0.3981924407	0.6018075593
B	0.7962825963	0.2037174037	0.2004675958	0.7995324042
12	ALT:CIRCLE-CIRCUMFERENCE
PI	0.5001668186	0.4998331814
A	1.0000000000	0.0000000000	0.3998889571	0.6001110429
B	0.7964757773	0.2035242227	0.2001100290	0.7998899710
13	ALT:CIRCLE-DIAMETER
PI	0.4951005109	0.5048994891
A	1.0000000000	0.0000000000	0.4046562324	0.5953437676
B	0.7229647025	0.2770352975	0.2096443954	0.7903556046
14	ALT:CIRCLE-AREA
PI	0.4999944817	0.5000055183
A	1.0000000000	0.0000000000	0.3998479674	0.6001520326
B	0.7998671273	0.2001328727	0.2000522406	0.7999477594
