SolverId	1.2
nK	8
nG	1
nS	2
nO	2
nZ	1
Null skill ratios	  1.0000000	  0.0000000
0	ALT:PENTAGON-AREA
PI	0.0646075901	0.9353924099
A	1.0000000000	0.0000000000	0.0750354758	0.9249645242
B	0.7023136578	0.2976863422	0.2719805766	0.7280194234
1	ALT:PENTAGON-SIDE
PI	0.3891189170	0.6108810830
A	1.0000000000	0.0000000000	0.0252329055	0.9747670945
B	0.7001985213	0.2998014787	0.1356040913	0.8643959087
2	ALT:TRIANGLE-AREA
PI	0.3016282343	0.6983717657
A	1.0000000000	0.0000000000	0.2768492267	0.7231507733
B	0.7001057138	0.2998942862	0.0139998616	0.9860001384
3	ALT:COMPOSE-BY-MULTIPLICATION
PI	0.3857363928	0.6142636072
A	1.0000000000	0.0000000000	0.0263562546	0.9736437454
B	0.7001415024	0.2998584976	0.1689299935	0.8310700065
4	ALT:CIRCLE-DIAMETER
PI	0.1969363001	0.8030636999
A	1.0000000000	0.0000000000	0.6688287968	0.3311712032
B	0.9813378165	0.0186621835	0.2844186977	0.7155813023
5	ALT:CIRCLE-RADIUS
PI	0.7705369030	0.2294630970
A	1.0000000000	0.0000000000	0.4000000000	0.6000000000
B	0.9758128013	0.0241871987	0.2995965495	0.7004034505
6	ALT:CIRCLE-AREA
PI	0.7660555451	0.2339444549
A	1.0000000000	0.0000000000	0.2842175688	0.7157824312
B	0.7065175732	0.2934824268	0.1816188119	0.8183811881
7	ALT:CIRCLE-CIRCUMFERENCE
PI	0.2294630970	0.7705369030
A	1.0000000000	0.0000000000	0.4000000000	0.6000000000
B	0.7004034505	0.2995965495	0.0241871987	0.9758128013
