SolverId	1.2
nK	11
nG	1
nS	2
nO	2
nZ	1
Null skill ratios	  1.0000000	  0.0000000
0	ALT:TRIANGLE-AREA
PI	0.5261743090	0.4738256910
A	1.0000000000	0.0000000000	0.3994038418	0.6005961582
B	0.7860219582	0.2139780418	0.2093189183	0.7906810817
1	ALT:COMPOSE-BY-MULTIPLICATION
PI	0.2294630970	0.7705369030
A	1.0000000000	0.0000000000	0.4000000000	0.6000000000
B	0.7004034505	0.2995965495	0.0241871987	0.9758128013
2	ALT:TRIANGLE-SIDE
PI	0.7660555451	0.2339444549
A	1.0000000000	0.0000000000	0.2842175688	0.7157824312
B	0.7065175732	0.2934824268	0.1816188119	0.8183811881
3	ALT:PENTAGON-AREA
PI	0.3847646332	0.6152353668
A	1.0000000000	0.0000000000	0.5490493063	0.4509506937
B	0.9850056747	0.0149943253	0.2442669765	0.7557330235
4	ALT:PENTAGON-SIDE
PI	0.1877365142	0.8122634858
A	1.0000000000	0.0000000000	0.3498125375	0.6501874625
B	0.7157984909	0.2842015091	0.0622490445	0.9377509555
5	ALT:CIRCLE-AREA
PI	0.5096704410	0.4903295590
A	1.0000000000	0.0000000000	0.4030862332	0.5969137668
B	0.7872157467	0.2127842533	0.1993114230	0.8006885770
6	ALT:CIRCLE-CIRCUMFERENCE
PI	0.8462338258	0.1537661742
A	1.0000000000	0.0000000000	0.4306977105	0.5693022895
B	0.8033832709	0.1966167291	0.2471811945	0.7528188055
7	ALT:CIRCLE-DIAMETER
PI	0.5737477144	0.4262522856
A	1.0000000000	0.0000000000	0.4093393946	0.5906606054
B	0.9825743644	0.0174256356	0.2108683491	0.7891316509
8	ALT:CIRCLE-RADIUS
PI	0.5737477144	0.4262522856
A	1.0000000000	0.0000000000	0.4093393946	0.5906606054
B	0.9825743644	0.0174256356	0.2108683491	0.7891316509
9	ALT:PARALLELOGRAM-AREA
PI	0.8564803621	0.1435196379
A	1.0000000000	0.0000000000	0.4355413805	0.5644586195
B	0.8019371096	0.1980628904	0.2192039626	0.7807960374
10	ALT:COMPOSE-BY-ADDITION
PI	0.6262696727	0.3737303273
A	1.0000000000	0.0000000000	0.4171499929	0.5828500071
B	0.7698995031	0.2301004969	0.2082559860	0.7917440140
