SolverId	1.2
nK	15
nG	1
nS	2
nO	2
nZ	1
Null skill ratios	  1.0000000	  0.0000000
0	ALT:PARALLELOGRAM-AREA
PI	0.4761973794	0.5238026206
A	1.0000000000	0.0000000000	0.0175730237	0.9824269763
B	0.7895593083	0.2104406917	0.0850994162	0.9149005838
1	ALT:PARALLELOGRAM-SIDE
PI	0.4545835266	0.5454164734
A	1.0000000000	0.0000000000	0.2612969196	0.7387030804
B	0.7025440733	0.2974559267	0.0820478586	0.9179521414
2	ALT:COMPOSE-BY-ADDITION
PI	0.4605837624	0.5394162376
A	1.0000000000	0.0000000000	0.0192035623	0.9807964377
B	0.7000724137	0.2999275863	0.2050247498	0.7949752502
3	ALT:TRAPEZOID-AREA
PI	0.7660555451	0.2339444549
A	1.0000000000	0.0000000000	0.2842175688	0.7157824312
B	0.7065175732	0.2934824268	0.1816188119	0.8183811881
4	ALT:TRAPEZOID-HEIGHT
PI	0.1969363001	0.8030636999
A	1.0000000000	0.0000000000	0.6688287968	0.3311712032
B	0.9813378165	0.0186621835	0.2844186977	0.7155813023
5	ALT:TRAPEZOID-BASE
PI	0.3016282343	0.6983717657
A	1.0000000000	0.0000000000	0.2768492267	0.7231507733
B	0.7001057138	0.2998942862	0.0139998616	0.9860001384
6	ALT:TRIANGLE-AREA
PI	0.4207970955	0.5792029045
A	1.0000000000	0.0000000000	0.0229328070	0.9770671930
B	0.7001566715	0.2998433285	0.2190648257	0.7809351743
7	ALT:TRIANGLE-SIDE
PI	0.0928310633	0.9071689367
A	1.0000000000	0.0000000000	0.2938058725	0.7061941275
B	0.7120141355	0.2879858645	0.2799675292	0.7200324708
8	ALT:PENTAGON-AREA
PI	0.5299408306	0.4700591694
A	1.0000000000	0.0000000000	0.3878043087	0.6121956913
B	0.7162320536	0.2837679464	0.2140357031	0.7859642969
9	ALT:PENTAGON-SIDE
PI	0.4314299320	0.5685700680
A	1.0000000000	0.0000000000	0.0624526801	0.9375473199
B	0.7004646426	0.2995353574	0.1755309420	0.8244690580
10	ALT:COMPOSE-BY-MULTIPLICATION
PI	0.3754791038	0.6245208962
A	1.0000000000	0.0000000000	0.0209863584	0.9790136416
B	0.7001221572	0.2998778428	0.2048108775	0.7951891225
11	ALT:CIRCLE-AREA
PI	0.4609107064	0.5390892936
A	1.0000000000	0.0000000000	0.2353084631	0.7646915369
B	0.7674800166	0.2325199834	0.0638838457	0.9361161543
12	ALT:CIRCLE-CIRCUMFERENCE
PI	0.3619351392	0.6380648608
A	1.0000000000	0.0000000000	0.0253077005	0.9746922995
B	0.7001941193	0.2998058807	0.2023876525	0.7976123475
13	ALT:CIRCLE-DIAMETER
PI	0.1224238225	0.8775761775
A	1.0000000000	0.0000000000	0.8816426749	0.1183573251
B	0.7565854444	0.2434145556	0.2987762582	0.7012237418
14	ALT:CIRCLE-RADIUS
PI	0.4690369113	0.5309630887
A	1.0000000000	0.0000000000	0.3088940248	0.6911059752
B	0.7011885311	0.2988114689	0.1215303978	0.8784696022
