SolverId	1.2
nK	15
nG	1
nS	2
nO	2
nZ	1
Null skill ratios	  1.0000000	  0.0000000
0	ALT:PARALLELOGRAM-AREA
PI	0.4119584231	0.5880415769
A	1.0000000000	0.0000000000	0.0424641048	0.9575358952
B	0.7011605384	0.2988394616	0.1481682447	0.8518317553
1	ALT:PARALLELOGRAM-SIDE
PI	0.3619351392	0.6380648608
A	1.0000000000	0.0000000000	0.0253077005	0.9746922995
B	0.7001941193	0.2998058807	0.2023876525	0.7976123475
2	ALT:COMPOSE-BY-ADDITION
PI	0.3284153038	0.6715846962
A	1.0000000000	0.0000000000	0.2653053249	0.7346946751
B	0.7227252325	0.2772747675	0.0932250468	0.9067749532
3	ALT:TRAPEZOID-AREA
PI	0.5115115245	0.4884884755
A	1.0000000000	0.0000000000	0.4000053737	0.5999946263
B	0.7197779430	0.2802220570	0.2034930074	0.7965069926
4	ALT:TRAPEZOID-HEIGHT
PI	0.5325408859	0.4674591141
A	1.0000000000	0.0000000000	0.4043152041	0.5956847959
B	0.7356137950	0.2643862050	0.2034368003	0.7965631997
5	ALT:TRAPEZOID-BASE
PI	0.5023665227	0.4976334773
A	1.0000000000	0.0000000000	0.3984810659	0.6015189341
B	0.7403819375	0.2596180625	0.1929019650	0.8070980350
6	ALT:TRIANGLE-AREA
PI	0.4950355509	0.5049644491
A	1.0000000000	0.0000000000	0.3980539197	0.6019460803
B	0.7236109148	0.2763890852	0.2144476213	0.7855523787
7	ALT:TRIANGLE-SIDE
PI	0.5096710331	0.4903289669
A	1.0000000000	0.0000000000	0.4030890281	0.5969109719
B	0.7872146634	0.2127853366	0.1993045599	0.8006954401
8	ALT:COMPOSE-BY-MULTIPLICATION
PI	0.5018549412	0.4981450588
A	1.0000000000	0.0000000000	0.3834191495	0.6165808505
B	0.7148646719	0.2851353281	0.2084959521	0.7915040479
9	ALT:PENTAGON-AREA
PI	0.5072817617	0.4927182383
A	1.0000000000	0.0000000000	0.3878278475	0.6121721525
B	0.7179264665	0.2820735335	0.2086793193	0.7913206807
10	ALT:PENTAGON-SIDE
PI	0.4921535997	0.5078464003
A	1.0000000000	0.0000000000	0.4044024300	0.5955975700
B	0.7298247426	0.2701752574	0.2004026801	0.7995973199
11	ALT:CIRCLE-RADIUS
PI	0.8564803621	0.1435196379
A	1.0000000000	0.0000000000	0.4355413805	0.5644586195
B	0.8019371096	0.1980628904	0.2192039626	0.7807960374
12	ALT:CIRCLE-AREA
PI	0.4638180224	0.5361819776
A	1.0000000000	0.0000000000	0.4551108627	0.5448891373
B	0.9794575326	0.0205424674	0.2152014355	0.7847985645
13	ALT:CIRCLE-CIRCUMFERENCE
PI	0.4642030971	0.5357969029
A	1.0000000000	0.0000000000	0.3957772077	0.6042227923
B	0.7257764453	0.2742235547	0.2165794128	0.7834205872
14	ALT:CIRCLE-DIAMETER
PI	0.5222108207	0.4777891793
A	1.0000000000	0.0000000000	0.4038715373	0.5961284627
B	0.7389718989	0.2610281011	0.2024653013	0.7975346987
