SolverId	1.2
nK	15
nG	1
nS	2
nO	2
nZ	1
Null skill ratios	  1.0000000	  0.0000000
0	ALT:PARALLELOGRAM-AREA
PI	0.4845450878	0.5154549122
A	1.0000000000	0.0000000000	0.1708492005	0.8291507995
B	0.7920271743	0.2079728257	0.0151976883	0.9848023117
1	ALT:PARALLELOGRAM-SIDE
PI	0.4361773590	0.5638226410
A	1.0000000000	0.0000000000	0.1842376554	0.8157623446
B	0.7629933197	0.2370066803	0.0147680631	0.9852319369
2	ALT:COMPOSE-BY-ADDITION
PI	0.4638013605	0.5361986395
A	1.0000000000	0.0000000000	0.0185475035	0.9814524965
B	0.7615385070	0.2384614930	0.1794046944	0.8205953056
3	ALT:TRAPEZOID-AREA
PI	0.5236448748	0.4763551252
A	1.0000000000	0.0000000000	0.3905242356	0.6094757644
B	0.7221570152	0.2778429848	0.2079503097	0.7920496903
4	ALT:TRAPEZOID-HEIGHT
PI	0.4979544538	0.5020455462
A	1.0000000000	0.0000000000	0.3707706365	0.6292293635
B	0.7168017126	0.2831982874	0.1918555656	0.8081444344
5	ALT:TRAPEZOID-BASE
PI	0.8564803621	0.1435196379
A	1.0000000000	0.0000000000	0.4355413805	0.5644586195
B	0.8019371096	0.1980628904	0.2192039626	0.7807960374
6	ALT:TRIANGLE-AREA
PI	0.4979832882	0.5020167118
A	1.0000000000	0.0000000000	0.3625658893	0.6374341107
B	0.7084363139	0.2915636861	0.2086330105	0.7913669895
7	ALT:TRIANGLE-SIDE
PI	0.5028181563	0.4971818437
A	1.0000000000	0.0000000000	0.3964608854	0.6035391146
B	0.7422610778	0.2577389222	0.1913314248	0.8086685752
8	ALT:PENTAGON-AREA
PI	0.4545835266	0.5454164734
A	1.0000000000	0.0000000000	0.2612969196	0.7387030804
B	0.7025440733	0.2974559267	0.0820478586	0.9179521414
9	ALT:PENTAGON-SIDE
PI	0.5077414735	0.4922585265
A	1.0000000000	0.0000000000	0.4010722399	0.5989277601
B	0.7277520693	0.2722479307	0.2008607214	0.7991392786
10	ALT:COMPOSE-BY-MULTIPLICATION
PI	0.4632966534	0.5367033466
A	1.0000000000	0.0000000000	0.0203060542	0.9796939458
B	0.7858944805	0.2141055195	0.0661572519	0.9338427481
11	ALT:CIRCLE-RADIUS
PI	0.3125890724	0.6874109276
A	1.0000000000	0.0000000000	0.0456808314	0.9543191686
B	0.7018611628	0.2981388372	0.2840871268	0.7159128732
12	ALT:CIRCLE-AREA
PI	0.4637079424	0.5362920576
A	1.0000000000	0.0000000000	0.0254997678	0.9745002322
B	0.7557138775	0.2442861225	0.1621200106	0.8378799894
13	ALT:CIRCLE-CIRCUMFERENCE
PI	0.3619351392	0.6380648608
A	1.0000000000	0.0000000000	0.0253077005	0.9746922995
B	0.7001941193	0.2998058807	0.2023876525	0.7976123475
14	ALT:CIRCLE-DIAMETER
PI	0.4269183000	0.5730817000
A	1.0000000000	0.0000000000	0.0227164186	0.9772835814
B	0.7674040986	0.2325959014	0.1318986579	0.8681013421
