SolverId	1.2
nK	15
nG	1
nS	2
nO	2
nZ	1
Null skill ratios	  1.0000000	  0.0000000
0	ALT:PARALLELOGRAM-AREA
PI	0.5149427859	0.4850572141
A	1.0000000000	0.0000000000	0.4019930085	0.5980069915
B	0.9299613471	0.0700386529	0.2007470080	0.7992529920
1	ALT:PARALLELOGRAM-SIDE
PI	0.5475829299	0.4524170701
A	1.0000000000	0.0000000000	0.4061392641	0.5938607359
B	0.9825743644	0.0174256356	0.2059356685	0.7940643315
2	ALT:COMPOSE-BY-ADDITION
PI	0.5182186943	0.4817813057
A	1.0000000000	0.0000000000	0.4024315604	0.5975684396
B	0.9227226142	0.0772773858	0.2009247390	0.7990752610
3	ALT:TRAPEZOID-AREA
PI	0.1344863118	0.8655136882
A	1.0000000000	0.0000000000	0.8269478241	0.1730521759
B	0.7968698561	0.2031301439	0.2990833952	0.7009166048
4	ALT:TRAPEZOID-BASE
PI	0.1033360648	0.8966639352
A	1.0000000000	0.0000000000	0.1222000705	0.8777999295
B	0.7093938992	0.2906061008	0.2687067578	0.7312932422
5	ALT:TRAPEZOID-HEIGHT
PI	0.1877365142	0.8122634858
A	1.0000000000	0.0000000000	0.3498125375	0.6501874625
B	0.7157984909	0.2842015091	0.0622490445	0.9377509555
6	ALT:TRIANGLE-AREA
PI	0.5445592180	0.4554407820
A	1.0000000000	0.0000000000	0.4050482618	0.5949517382
B	0.8702571658	0.1297428342	0.2079259875	0.7920740125
7	ALT:TRIANGLE-SIDE
PI	0.6929711665	0.3070288335
A	1.0000000000	0.0000000000	0.3852711581	0.6147288419
B	0.7431478374	0.2568521626	0.2679668091	0.7320331909
8	ALT:PENTAGON-AREA
PI	0.8368041200	0.1631958800
A	1.0000000000	0.0000000000	0.4553744350	0.5446255650
B	0.7578174196	0.2421825804	0.2178935387	0.7821064613
9	ALT:COMPOSE-BY-MULTIPLICATION
PI	0.4769414653	0.5230585347
A	1.0000000000	0.0000000000	0.4109047588	0.5890952412
B	0.9748152897	0.0251847103	0.1946274704	0.8053725296
10	ALT:PENTAGON-SIDE
PI	0.5403609034	0.4596390966
A	1.0000000000	0.0000000000	0.4052234360	0.5947765640
B	0.9825743644	0.0174256356	0.2047140185	0.7952859815
11	ALT:CIRCLE-RADIUS
PI	0.5040082960	0.4959917040
A	1.0000000000	0.0000000000	0.4005212467	0.5994787533
B	0.7943046842	0.2056953158	0.2007437324	0.7992562676
12	ALT:CIRCLE-AREA
PI	0.4956211310	0.5043788690
A	1.0000000000	0.0000000000	0.4047232636	0.5952767364
B	0.7884021751	0.2115978249	0.2066616695	0.7933383305
13	ALT:CIRCLE-DIAMETER
PI	0.5403609034	0.4596390966
A	1.0000000000	0.0000000000	0.4052234360	0.5947765640
B	0.9825743644	0.0174256356	0.2047140185	0.7952859815
14	ALT:CIRCLE-CIRCUMFERENCE
PI	0.7827978551	0.2172021449
A	1.0000000000	0.0000000000	0.4299184999	0.5700815001
B	0.8343154916	0.1656845084	0.2146423991	0.7853576009
