SolverId	1.2
nK	15
nG	1
nS	2
nO	2
nZ	1
Null skill ratios	  1.0000000	  0.0000000
0	ALT:PARALLELOGRAM-AREA
PI	0.5182187073	0.4817812927
A	1.0000000000	0.0000000000	0.4024316038	0.5975683962
B	0.9227226056	0.0772773944	0.2009246051	0.7990753949
1	ALT:PARALLELOGRAM-SIDE
PI	0.5578903418	0.4421096582
A	1.0000000000	0.0000000000	0.4074301010	0.5925698990
B	0.9825743644	0.0174256356	0.2077756919	0.7922243081
2	ALT:COMPOSE-BY-ADDITION
PI	0.5079182585	0.4920817415
A	1.0000000000	0.0000000000	0.4011825031	0.5988174969
B	0.7748424718	0.2251575282	0.2004848273	0.7995151727
3	ALT:TRAPEZOID-AREA
PI	0.6586829862	0.3413170138
A	1.0000000000	0.0000000000	0.4148462797	0.5851537203
B	0.9862422321	0.0137577679	0.2374566758	0.7625433242
4	ALT:TRAPEZOID-HEIGHT
PI	0.6586829862	0.3413170138
A	1.0000000000	0.0000000000	0.4148462797	0.5851537203
B	0.9862422321	0.0137577679	0.2374566758	0.7625433242
5	ALT:TRAPEZOID-BASE
PI	0.6009956392	0.3990043608
A	1.0000000000	0.0000000000	0.4121541316	0.5878458684
B	0.9825743644	0.0174256356	0.2173595205	0.7826404795
6	ALT:TRIANGLE-AREA
PI	0.5155644628	0.4844355372
A	1.0000000000	0.0000000000	0.4063153700	0.5936846300
B	0.9097180316	0.0902819684	0.1983664899	0.8016335101
7	ALT:TRIANGLE-SIDE
PI	0.8628882930	0.1371117070
A	1.0000000000	0.0000000000	0.3950450083	0.6049549917
B	0.7294803404	0.2705196596	0.2861311596	0.7138688404
8	ALT:PENTAGON-AREA
PI	0.3847646332	0.6152353668
A	1.0000000000	0.0000000000	0.5490493063	0.4509506937
B	0.9850056747	0.0149943253	0.2442669765	0.7557330235
9	ALT:PENTAGON-SIDE
PI	0.8462338258	0.1537661742
A	1.0000000000	0.0000000000	0.4306977105	0.5693022895
B	0.8033832709	0.1966167291	0.2471811945	0.7528188055
10	ALT:COMPOSE-BY-MULTIPLICATION
PI	0.4801388856	0.5198611144
A	1.0000000000	0.0000000000	0.4101988819	0.5898011181
B	0.9123351714	0.0876648286	0.1960434517	0.8039565483
11	ALT:CIRCLE-AREA
PI	0.4892133083	0.5107866917
A	1.0000000000	0.0000000000	0.3938140746	0.6061859254
B	0.8496408350	0.1503591650	0.2244637296	0.7755362704
12	ALT:CIRCLE-CIRCUMFERENCE
PI	0.7721657807	0.2278342193
A	1.0000000000	0.0000000000	0.4276607510	0.5723392490
B	0.8344962258	0.1655037742	0.2215213409	0.7784786591
13	ALT:CIRCLE-DIAMETER
PI	0.4328241213	0.5671758787
A	1.0000000000	0.0000000000	0.4328234978	0.5671765022
B	0.7563337920	0.2436662080	0.2907472816	0.7092527184
14	ALT:CIRCLE-RADIUS
PI	0.6720560308	0.3279439692
A	1.0000000000	0.0000000000	0.4150171542	0.5849828458
B	0.7674876614	0.2325123386	0.2357716824	0.7642283176
