SolverId	1.2
nK	15
nG	1
nS	2
nO	2
nZ	1
Null skill ratios	  1.0000000	  0.0000000
0	ALT:PARALLELOGRAM-AREA
PI	0.5127807789	0.4872192211
A	1.0000000000	0.0000000000	0.4016751956	0.5983248044
B	0.9825743644	0.0174256356	0.2008850279	0.7991149721
1	ALT:PARALLELOGRAM-SIDE
PI	0.5475829299	0.4524170701
A	1.0000000000	0.0000000000	0.4061392641	0.5938607359
B	0.9825743644	0.0174256356	0.2059356685	0.7940643315
2	ALT:COMPOSE-BY-ADDITION
PI	0.5081890208	0.4918109792
A	1.0000000000	0.0000000000	0.4012333709	0.5987666291
B	0.7583628731	0.2416371269	0.2005339998	0.7994660002
3	ALT:TRAPEZOID-AREA
PI	0.4819453524	0.5180546476
A	1.0000000000	0.0000000000	0.3685901198	0.6314098802
B	0.7269070016	0.2730929984	0.1517979147	0.8482020853
4	ALT:TRAPEZOID-BASE
PI	0.4545835266	0.5454164734
A	1.0000000000	0.0000000000	0.2612969196	0.7387030804
B	0.7025440733	0.2974559267	0.0820478586	0.9179521414
5	ALT:TRAPEZOID-HEIGHT
PI	0.3500050011	0.6499949989
A	1.0000000000	0.0000000000	0.3837497700	0.6162502300
B	0.7459949635	0.2540050365	0.1063497370	0.8936502630
6	ALT:TRIANGLE-SIDE
PI	0.4225844576	0.5774155424
A	1.0000000000	0.0000000000	0.4744750450	0.5255249550
B	0.7676513270	0.2323486730	0.2946493109	0.7053506891
7	ALT:TRIANGLE-AREA
PI	0.5360995084	0.4639004916
A	1.0000000000	0.0000000000	0.4048421292	0.5951578708
B	0.8883061375	0.1116938625	0.2019860042	0.7980139958
8	ALT:PENTAGON-SIDE
PI	0.4477321432	0.5522678568
A	1.0000000000	0.0000000000	0.1932477394	0.8067522606
B	0.9748526978	0.0251473022	0.1545857635	0.8454142365
9	ALT:COMPOSE-BY-MULTIPLICATION
PI	0.4915718153	0.5084281847
A	1.0000000000	0.0000000000	0.4039607682	0.5960392318
B	0.7865292746	0.2134707254	0.2006143292	0.7993856708
10	ALT:PENTAGON-AREA
PI	0.4427042912	0.5572957088
A	1.0000000000	0.0000000000	0.4609203120	0.5390796880
B	0.7669153239	0.2330846761	0.2936028653	0.7063971347
11	ALT:CIRCLE-AREA
PI	0.5107512508	0.4892487492
A	1.0000000000	0.0000000000	0.4039287986	0.5960712014
B	0.8745610743	0.1254389257	0.1987140663	0.8012859337
12	ALT:CIRCLE-CIRCUMFERENCE
PI	0.4085282967	0.5914717033
A	1.0000000000	0.0000000000	0.3251396338	0.6748603662
B	0.8554702647	0.1445297353	0.0802631189	0.9197368811
13	ALT:CIRCLE-DIAMETER
PI	0.4960630391	0.5039369609
A	1.0000000000	0.0000000000	0.4090782262	0.5909217738
B	0.7874386130	0.2125613870	0.2041775675	0.7958224325
14	ALT:CIRCLE-RADIUS
PI	0.4923864479	0.5076135521
A	1.0000000000	0.0000000000	0.3808686053	0.6191313947
B	0.7356713749	0.2643286251	0.2229619997	0.7770380003
