SolverId	1.2
nK	15
nG	1
nS	2
nO	2
nZ	1
Null skill ratios	  1.0000000	  0.0000000
0	ALT:PARALLELOGRAM-SIDE
PI	0.0928310633	0.9071689367
A	1.0000000000	0.0000000000	0.2938058725	0.7061941275
B	0.7120141355	0.2879858645	0.2799675292	0.7200324708
1	ALT:PARALLELOGRAM-AREA
PI	0.4671856230	0.5328143770
A	1.0000000000	0.0000000000	0.0181593470	0.9818406530
B	0.7884579531	0.2115420469	0.0583541804	0.9416458196
2	ALT:COMPOSE-BY-ADDITION
PI	0.4476626641	0.5523373359
A	1.0000000000	0.0000000000	0.1105196734	0.8894803266
B	0.7131287855	0.2868712145	0.1082951555	0.8917048445
3	ALT:TRAPEZOID-BASE
PI	0.5189522524	0.4810477476
A	1.0000000000	0.0000000000	0.4025841646	0.5974158354
B	0.7413936663	0.2586063337	0.2018862503	0.7981137497
4	ALT:TRAPEZOID-HEIGHT
PI	0.5219020067	0.4780979933
A	1.0000000000	0.0000000000	0.3939669983	0.6060330017
B	0.7255816152	0.2744183848	0.2119024824	0.7880975176
5	ALT:TRAPEZOID-AREA
PI	0.3997685691	0.6002314309
A	1.0000000000	0.0000000000	0.2041750720	0.7958249280
B	0.7362943442	0.2637056558	0.0169471556	0.9830528444
6	ALT:TRIANGLE-SIDE
PI	0.4957833080	0.5042166920
A	1.0000000000	0.0000000000	0.3700141360	0.6299858640
B	0.7172939196	0.2827060804	0.2019896099	0.7980103901
7	ALT:TRIANGLE-AREA
PI	0.4977242975	0.5022757025
A	1.0000000000	0.0000000000	0.4050459586	0.5949540414
B	0.7275765672	0.2724234328	0.2040338944	0.7959661056
8	ALT:PENTAGON-AREA
PI	0.5029383464	0.4970616536
A	1.0000000000	0.0000000000	0.3859709583	0.6140290417
B	0.7132743464	0.2867256536	0.2063181079	0.7936818921
9	ALT:PENTAGON-SIDE
PI	0.4563203237	0.5436796763
A	1.0000000000	0.0000000000	0.0413422730	0.9586577270
B	0.7446097895	0.2553902105	0.1259924122	0.8740075878
10	ALT:COMPOSE-BY-MULTIPLICATION
PI	0.4797509392	0.5202490608
A	1.0000000000	0.0000000000	0.2130106834	0.7869893166
B	0.7999392807	0.2000607193	0.0370905198	0.9629094802
11	ALT:CIRCLE-DIAMETER
PI	0.3619351392	0.6380648608
A	1.0000000000	0.0000000000	0.0253077005	0.9746922995
B	0.7001941193	0.2998058807	0.2023876525	0.7976123475
12	ALT:CIRCLE-AREA
PI	0.4995983973	0.5004016027
A	1.0000000000	0.0000000000	0.3959738318	0.6040261682
B	0.7949979715	0.2050020285	0.2009426230	0.7990573770
13	ALT:CIRCLE-CIRCUMFERENCE
PI	0.3754791038	0.6245208962
A	1.0000000000	0.0000000000	0.0209863584	0.9790136416
B	0.7001221572	0.2998778428	0.2048108775	0.7951891225
14	ALT:CIRCLE-RADIUS
PI	0.5122251173	0.4877748827
A	1.0000000000	0.0000000000	0.3970758788	0.6029241212
B	0.7286194496	0.2713805504	0.2053322428	0.7946677572
